Time	Occupied	bay_id
2019-01-13 21:19:46	1	567
2019-01-13 21:19:46	1	568
2019-01-13 21:19:46	0	569
2019-01-13 21:19:46	1	570
2019-01-13 21:19:46	0	571
2019-01-13 21:19:46	1	573
2019-01-13 21:19:46	1	574
2019-01-13 21:19:46	0	575
2019-01-13 21:19:46	1	576
2019-01-13 21:19:46	1	577
2019-01-13 21:19:46	1	579
2019-01-13 21:19:46	1	580
2019-01-13 21:19:46	1	581
2019-01-13 21:19:46	1	604
2019-01-13 21:19:46	0	605
2019-01-13 21:19:46	1	606
2019-01-13 21:19:46	0	607
2019-01-13 21:19:46	0	609
2019-01-13 21:19:46	0	610
2019-01-13 21:19:46	1	623
2019-01-13 21:19:46	1	624
2019-01-13 21:19:46	1	625
2019-01-13 21:19:46	1	626
2019-01-13 21:19:46	1	627
2019-01-13 21:19:46	1	628
2019-01-13 21:19:46	1	629
2019-01-13 21:19:46	0	631
2019-01-13 21:19:46	0	632
2019-01-13 21:19:46	1	633
2019-01-13 21:19:46	1	634
2019-01-13 21:19:46	1	635
2019-01-13 21:19:46	1	637
2019-01-13 21:19:46	1	639
2019-01-13 21:19:46	1	640
2019-01-13 21:19:46	1	641
2019-01-13 21:19:46	0	643
2019-01-13 21:19:46	1	644
2019-01-13 21:19:46	1	645
2019-01-13 21:19:46	1	646
2019-01-13 21:19:46	1	649
2019-01-13 21:19:46	1	650
2019-01-13 21:19:46	1	652
2019-01-13 21:19:46	0	653
2019-01-13 21:19:46	1	654
2019-01-13 21:19:46	0	655
2019-01-13 21:19:46	1	656
2019-01-13 21:19:46	1	657
2019-01-13 21:19:46	0	658
2019-01-13 21:19:46	1	659
2019-01-13 21:19:46	1	660
2019-01-13 21:19:46	0	661
2019-01-13 21:19:46	1	662
2019-01-13 21:19:46	0	663
2019-01-13 21:19:46	0	673
2019-01-13 21:19:46	0	674
2019-01-13 21:19:46	0	675
2019-01-13 21:19:46	1	676
2019-01-13 21:19:46	1	677
2019-01-13 21:19:46	0	678
2019-01-13 21:19:46	1	679
2019-01-13 21:19:46	1	680
2019-01-13 21:19:46	1	681
2019-01-13 21:19:46	1	682
2019-01-13 21:19:46	1	683
2019-01-13 21:19:46	0	684
2019-01-13 21:19:46	1	685
2019-01-13 21:19:46	1	687
2019-01-13 21:19:46	1	688
2019-01-13 21:19:46	1	690
2019-01-13 21:19:46	0	696
2019-01-13 21:19:46	1	697
2019-01-13 21:19:46	1	698
2019-01-13 21:19:46	1	699
2019-01-13 21:19:46	0	701
2019-01-13 21:19:46	0	702
2019-01-13 21:19:46	0	703
2019-01-13 21:19:46	1	705
2019-01-13 21:19:46	0	706
2019-01-13 21:19:46	1	708
2019-01-13 21:19:46	0	710
2019-01-13 21:19:46	1	712
2019-01-13 21:19:46	0	713
2019-01-13 21:19:46	0	716
2019-01-13 21:19:46	1	718
2019-01-13 21:19:46	1	719
2019-01-13 21:19:46	1	720
2019-01-13 21:19:46	1	721
2019-01-13 21:19:46	1	722
2019-01-13 21:19:46	0	723
2019-01-13 21:19:46	0	724
2019-01-13 21:19:46	0	725
2019-01-13 21:19:46	0	726
2019-01-13 21:19:46	1	727
2019-01-13 21:19:46	0	728
2019-01-13 21:19:46	0	729
2019-01-13 21:19:46	1	730
2019-01-13 21:19:46	1	731
2019-01-13 21:19:46	1	733
2019-01-13 21:19:46	1	734
2019-01-13 21:19:46	0	737
2019-01-13 21:19:46	1	738
2019-01-13 21:19:46	1	739
2019-01-13 21:19:46	0	740
2019-01-13 21:19:46	1	741
2019-01-13 21:19:46	1	742
2019-01-13 21:19:46	0	743
2019-01-13 21:19:46	1	744
2019-01-13 21:19:46	1	745
2019-01-13 21:19:46	0	746
2019-01-13 21:19:46	0	747
2019-01-13 21:19:46	0	748
2019-01-13 21:19:46	1	749
2019-01-13 21:19:46	1	751
2019-01-13 21:19:46	0	752
2019-01-13 21:19:46	0	753
2019-01-13 21:19:46	1	754
2019-01-13 21:19:46	1	755
2019-01-13 21:19:46	1	756
2019-01-13 21:19:46	1	757
2019-01-13 21:19:46	0	758
2019-01-13 21:19:46	1	759
2019-01-13 21:19:46	1	760
2019-01-13 21:19:46	1	763
2019-01-13 21:19:46	1	764
2019-01-13 21:19:46	1	765
2019-01-13 21:19:46	1	766
2019-01-13 21:19:46	1	767
2019-01-13 21:19:46	0	769
2019-01-13 21:19:46	0	770
2019-01-13 21:19:46	0	771
2019-01-13 21:19:46	0	772
2019-01-13 21:19:46	1	773
2019-01-13 21:19:46	0	774
2019-01-13 21:19:46	1	775
2019-01-13 21:19:46	0	776
2019-01-13 21:19:46	1	790
2019-01-13 21:19:46	1	791
2019-01-13 21:19:46	0	792
2019-01-13 21:19:46	1	796
2019-01-13 21:19:46	1	797
2019-01-13 21:19:46	1	799
2019-01-13 21:19:46	1	800
2019-01-13 21:19:46	1	801
2019-01-13 21:19:46	1	802
2019-01-13 21:19:46	1	803
2019-01-13 21:19:46	0	804
2019-01-13 21:19:46	1	806
2019-01-13 21:19:46	1	807
2019-01-13 21:19:46	1	808
2019-01-13 21:19:46	1	809
2019-01-13 21:19:46	1	810
2019-01-13 21:19:46	0	811
2019-01-13 21:19:46	0	813
2019-01-13 21:19:46	0	815
2019-01-13 21:19:46	1	822
2019-01-13 21:19:46	1	823
2019-01-13 21:19:46	1	825
2019-01-13 21:19:46	1	826
2019-01-13 21:19:46	0	827
2019-01-13 21:19:46	1	828
2019-01-13 21:19:46	1	829
2019-01-13 21:19:46	1	830
2019-01-13 21:19:46	0	831
2019-01-13 21:19:46	1	833
2019-01-13 21:19:46	1	834
2019-01-13 21:19:46	1	835
2019-01-13 21:19:46	1	836
2019-01-13 21:19:46	1	840
2019-01-13 21:19:46	1	842
2019-01-13 21:19:46	1	843
2019-01-13 21:19:46	1	844
2019-01-13 21:19:46	0	845
2019-01-13 21:19:46	0	846
2019-01-13 21:19:46	1	847
2019-01-13 21:19:46	1	848
2019-01-13 21:19:46	0	850
2019-01-13 21:19:46	1	857
2019-01-13 21:19:46	0	858
2019-01-13 21:19:46	1	862
2019-01-13 21:19:46	1	864
2019-01-13 21:19:46	1	865
2019-01-13 21:19:46	1	867
2019-01-13 21:19:46	1	869
2019-01-13 21:19:46	0	870
2019-01-13 21:19:46	1	873
2019-01-13 21:19:46	1	874
2019-01-13 21:19:46	0	875
2019-01-13 21:19:46	1	876
2019-01-13 21:19:46	1	877
2019-01-13 21:19:46	1	878
2019-01-13 21:19:46	1	881
2019-01-13 21:19:46	0	883
2019-01-13 21:19:46	0	884
2019-01-13 21:19:46	0	886
2019-01-13 21:19:46	0	887
2019-01-13 21:19:46	1	888
2019-01-13 21:19:46	0	910
2019-01-13 21:19:46	1	911
2019-01-13 21:19:46	1	912
2019-01-13 21:19:46	1	913
2019-01-13 21:19:46	1	914
2019-01-13 21:19:46	0	916
2019-01-13 21:19:46	1	917
2019-01-13 21:19:46	1	918
2019-01-13 21:19:46	1	919
2019-01-13 21:19:46	1	927
2019-01-13 21:19:46	0	928
2019-01-13 21:19:46	1	929
2019-01-13 21:19:46	1	930
2019-01-13 21:19:46	1	932
2019-01-13 21:19:46	1	933
2019-01-13 21:19:46	1	934
2019-01-13 21:19:46	1	940
2019-01-13 21:19:46	1	941
2019-01-13 21:19:46	1	942
2019-01-13 21:19:46	1	943
2019-01-13 21:19:46	1	944
2019-01-13 21:19:46	1	946
2019-01-13 21:19:46	1	947
2019-01-13 21:19:46	0	948
2019-01-13 21:19:46	0	949
2019-01-13 21:19:46	0	950
2019-01-13 21:19:46	0	951
2019-01-13 21:19:46	0	952
2019-01-13 21:19:46	0	953
2019-01-13 21:19:46	1	954
2019-01-13 21:19:46	0	956
2019-01-13 21:19:46	0	957
2019-01-13 21:19:46	0	958
2019-01-13 21:19:46	1	981
2019-01-13 21:19:46	0	982
2019-01-13 21:19:46	1	983
2019-01-13 21:19:46	1	984
2019-01-13 21:19:46	1	985
2019-01-13 21:19:46	1	1005
2019-01-13 21:19:46	0	1006
2019-01-13 21:19:46	0	1007
2019-01-13 21:19:46	1	1009
2019-01-13 21:19:46	1	1011
2019-01-13 21:19:46	0	1012
2019-01-13 21:19:46	1	1013
2019-01-13 21:19:46	1	1015
2019-01-13 21:19:46	0	1057
2019-01-13 21:19:46	0	1058
2019-01-13 21:19:46	1	1154
2019-01-13 21:19:46	1	1297
2019-01-13 21:19:46	1	1298
2019-01-13 21:19:46	1	1300
2019-01-13 21:19:46	1	1304
2019-01-13 21:19:46	1	1305
2019-01-13 21:19:46	0	1307
2019-01-13 21:19:46	0	1398
2019-01-13 21:19:46	1	1399
2019-01-13 21:19:46	1	1400
2019-01-13 21:19:46	0	1407
2019-01-13 21:19:46	0	1410
2019-01-13 21:19:46	1	1411
2019-01-13 21:19:46	0	1412
2019-01-13 21:19:46	1	1413
2019-01-13 21:19:46	0	1414
2019-01-13 21:19:46	0	1415
2019-01-13 21:19:46	0	1416
2019-01-13 21:19:46	0	1417
2019-01-13 21:19:46	0	1419
2019-01-13 21:19:46	1	1427
2019-01-13 21:19:46	1	1428
2019-01-13 21:19:46	0	1429
2019-01-13 21:19:46	0	1458
2019-01-13 21:19:46	1	1470
2019-01-13 21:19:46	1	1471
2019-01-13 21:19:46	0	1472
2019-01-13 21:19:46	0	1473
2019-01-13 21:19:46	1	1474
2019-01-13 21:19:46	1	1475
2019-01-13 21:19:46	1	1495
2019-01-13 21:19:46	1	1496
2019-01-13 21:19:46	0	1497
2019-01-13 21:19:46	0	1501
2019-01-13 21:19:46	1	1503
2019-01-13 21:19:46	1	1504
2019-01-13 21:19:46	1	1528
2019-01-13 21:19:46	0	1530
2019-01-13 21:19:46	1	1531
2019-01-13 21:19:46	1	1532
2019-01-13 21:19:46	0	1535
2019-01-13 21:19:46	1	1536
2019-01-13 21:19:46	1	1537
2019-01-13 21:19:46	0	1538
2019-01-13 21:19:46	0	1539
2019-01-13 21:19:46	1	1540
2019-01-13 21:19:46	0	1541
2019-01-13 21:19:46	1	1542
2019-01-13 21:19:46	0	1543
2019-01-13 21:19:46	1	1544
2019-01-13 21:19:46	1	1545
2019-01-13 21:19:46	1	1647
2019-01-13 21:19:46	0	1648
2019-01-13 21:19:46	1	1652
2019-01-13 21:19:46	0	1653
2019-01-13 21:19:46	1	1654
2019-01-13 21:19:46	1	1655
2019-01-13 21:19:46	1	1657
2019-01-13 21:19:46	1	1658
2019-01-13 21:19:46	0	1659
2019-01-13 21:19:46	0	1728
2019-01-13 21:19:46	1	1729
2019-01-13 21:19:46	0	1730
2019-01-13 21:19:46	1	1731
2019-01-13 21:19:46	1	1732
2019-01-13 21:19:46	0	1733
2019-01-13 21:19:46	1	1734
2019-01-13 21:19:46	1	1735
2019-01-13 21:19:46	1	1736
2019-01-13 21:19:46	1	1738
2019-01-13 21:19:46	1	1739
2019-01-13 21:19:46	0	1741
2019-01-13 21:19:46	1	1744
2019-01-13 21:19:46	1	1745
2019-01-13 21:19:46	1	1747
2019-01-13 21:19:46	1	1748
2019-01-13 21:19:46	1	1749
2019-01-13 21:19:46	1	1750
2019-01-13 21:19:46	1	1751
2019-01-13 21:19:46	1	1752
2019-01-13 21:19:46	1	1753
2019-01-13 21:19:46	1	1755
2019-01-13 21:19:46	0	1827
2019-01-13 21:19:46	0	1828
2019-01-13 21:19:46	0	1829
2019-01-13 21:19:46	0	1830
2019-01-13 21:19:46	0	1834
2019-01-13 21:19:46	0	1835
2019-01-13 21:19:46	0	1836
2019-01-13 21:19:46	1	1890
2019-01-13 21:19:46	1	1891
2019-01-13 21:19:46	0	1919
2019-01-13 21:19:46	0	1920
2019-01-13 21:19:46	0	1922
2019-01-13 21:19:46	0	1951
2019-01-13 21:19:46	0	1952
2019-01-13 21:19:46	1	1954
2019-01-13 21:19:46	0	1955
2019-01-13 21:19:46	1	1956
2019-01-13 21:19:46	1	1957
2019-01-13 21:19:46	1	1958
2019-01-13 21:19:46	1	1959
2019-01-13 21:19:46	1	1961
2019-01-13 21:19:46	1	1964
2019-01-13 21:19:46	0	1965
2019-01-13 21:19:46	0	1966
2019-01-13 21:19:46	1	1967
2019-01-13 21:19:46	1	1978
2019-01-13 21:19:46	1	1979
2019-01-13 21:19:46	1	1980
2019-01-13 21:19:46	1	1981
2019-01-13 21:19:46	1	1983
2019-01-13 21:19:46	1	1984
2019-01-13 21:19:46	1	1988
2019-01-13 21:19:46	1	1990
2019-01-13 21:19:46	0	1992
2019-01-13 21:19:46	1	1994
2019-01-13 21:19:46	0	2006
2019-01-13 21:19:46	0	2097
2019-01-13 21:19:46	1	2098
2019-01-13 21:19:46	0	2099
2019-01-13 21:19:46	1	2100
2019-01-13 21:19:46	1	2101
2019-01-13 21:19:46	1	2130
2019-01-13 21:19:46	1	2143
2019-01-13 21:19:46	0	2145
2019-01-13 21:19:46	1	2146
2019-01-13 21:19:46	0	2153
2019-01-13 21:19:46	0	2287
2019-01-13 21:19:46	1	2288
2019-01-13 21:19:46	1	2289
2019-01-13 21:19:46	1	2290
2019-01-13 21:19:46	1	2292
2019-01-13 21:19:46	1	2293
2019-01-13 21:19:46	1	2294
2019-01-13 21:19:46	1	2297
2019-01-13 21:19:46	1	2299
2019-01-13 21:19:46	1	2300
2019-01-13 21:19:46	1	2301
2019-01-13 21:19:46	1	2302
2019-01-13 21:19:46	0	2305
2019-01-13 21:19:46	1	2306
2019-01-13 21:19:46	1	2307
2019-01-13 21:19:46	1	2308
2019-01-13 21:19:46	0	2309
2019-01-13 21:19:46	0	2310
2019-01-13 21:19:46	1	2311
2019-01-13 21:19:46	0	2312
2019-01-13 21:19:46	0	2313
2019-01-13 21:19:46	0	2314
2019-01-13 21:19:46	0	2315
2019-01-13 21:19:46	0	2316
2019-01-13 21:19:46	0	2318
2019-01-13 21:19:46	0	2321
2019-01-13 21:19:46	0	2322
2019-01-13 21:19:46	0	2323
2019-01-13 21:19:46	0	2324
2019-01-13 21:19:46	0	2325
2019-01-13 21:19:46	1	2326
2019-01-13 21:19:46	0	2327
2019-01-13 21:19:46	1	2328
2019-01-13 21:19:46	1	2408
2019-01-13 21:19:46	0	2409
2019-01-13 21:19:46	1	2410
2019-01-13 21:19:46	1	2411
2019-01-13 21:19:46	1	2412
2019-01-13 21:19:46	0	2413
2019-01-13 21:19:46	1	2414
2019-01-13 21:19:46	0	2415
2019-01-13 21:19:46	1	2417
2019-01-13 21:19:46	1	2418
2019-01-13 21:19:46	1	2419
2019-01-13 21:19:46	1	2420
2019-01-13 21:19:46	1	2421
2019-01-13 21:19:46	1	2422
2019-01-13 21:19:46	1	2447
2019-01-13 21:19:46	1	2448
2019-01-13 21:19:46	1	2449
2019-01-13 21:19:46	1	2450
2019-01-13 21:19:46	1	2451
2019-01-13 21:19:46	1	2452
2019-01-13 21:19:46	1	2454
2019-01-13 21:19:46	1	2456
2019-01-13 21:19:46	1	2457
2019-01-13 21:19:46	1	2458
2019-01-13 21:19:46	1	2459
2019-01-13 21:19:46	1	2460
2019-01-13 21:19:46	1	2473
2019-01-13 21:19:46	1	2480
2019-01-13 21:19:46	0	2481
2019-01-13 21:19:46	0	2483
2019-01-13 21:19:46	0	2484
2019-01-13 21:19:46	1	2490
2019-01-13 21:19:46	1	2491
2019-01-13 21:19:46	0	2627
2019-01-13 21:19:46	0	2630
2019-01-13 21:19:46	1	2631
2019-01-13 21:19:46	0	2632
2019-01-13 21:19:46	0	2633
2019-01-13 21:19:46	0	2637
2019-01-13 21:19:46	0	2639
2019-01-13 21:19:46	0	2641
2019-01-13 21:19:46	0	2642
2019-01-13 21:19:46	0	2643
2019-01-13 21:19:46	0	2644
2019-01-13 21:19:46	0	2646
2019-01-13 21:19:46	0	2647
2019-01-13 21:19:46	0	2648
2019-01-13 21:19:46	0	2649
2019-01-13 21:19:46	1	2662
2019-01-13 21:19:46	0	2665
2019-01-13 21:19:46	0	2667
2019-01-13 21:19:46	1	2670
2019-01-13 21:19:46	0	2672
2019-01-13 21:19:46	0	2673
2019-01-13 21:19:46	0	2674
2019-01-13 21:19:46	0	2675
2019-01-13 21:19:46	1	2677
2019-01-13 21:19:46	0	2678
2019-01-13 21:19:46	0	2679
2019-01-13 21:19:46	0	2680
2019-01-13 21:19:46	1	2684
2019-01-13 21:19:46	0	2685
2019-01-13 21:19:46	0	2688
2019-01-13 21:19:46	0	2690
2019-01-13 21:19:46	0	2691
2019-01-13 21:19:46	0	2694
2019-01-13 21:19:46	0	2696
2019-01-13 21:19:46	0	2698
2019-01-13 21:19:46	0	2700
2019-01-13 21:19:46	0	2706
2019-01-13 21:19:46	1	2726
2019-01-13 21:19:46	1	2727
2019-01-13 21:19:46	0	2738
2019-01-13 21:19:46	1	2745
2019-01-13 21:19:46	0	2747
2019-01-13 21:19:46	1	2748
2019-01-13 21:19:46	1	2749
2019-01-13 21:19:46	1	2750
2019-01-13 21:19:46	1	2751
2019-01-13 21:19:46	1	2753
2019-01-13 21:19:46	1	2754
2019-01-13 21:19:46	1	3000
2019-01-13 21:19:46	1	3001
2019-01-13 21:19:46	1	3002
2019-01-13 21:19:46	0	3004
2019-01-13 21:19:46	1	3005
2019-01-13 21:19:46	1	3006
2019-01-13 21:19:46	0	3007
2019-01-13 21:19:46	1	3008
2019-01-13 21:19:46	0	3009
2019-01-13 21:19:46	0	3010
2019-01-13 21:19:46	0	3011
2019-01-13 21:19:46	0	3012
2019-01-13 21:19:46	1	3013
2019-01-13 21:19:46	0	3014
2019-01-13 21:19:46	0	3015
2019-01-13 21:19:46	0	3016
2019-01-13 21:19:46	0	3018
2019-01-13 21:19:46	1	3019
2019-01-13 21:19:46	0	3020
2019-01-13 21:19:46	1	3023
2019-01-13 21:19:46	1	3025
2019-01-13 21:19:46	0	3027
2019-01-13 21:19:46	0	3028
2019-01-13 21:19:46	0	3030
2019-01-13 21:19:46	1	3031
2019-01-13 21:19:46	0	3032
2019-01-13 21:19:46	1	3033
2019-01-13 21:19:46	0	3034
2019-01-13 21:19:46	0	3037
2019-01-13 21:19:46	1	3038
2019-01-13 21:19:46	0	3039
2019-01-13 21:19:46	1	3040
2019-01-13 21:19:46	0	3041
2019-01-13 21:19:46	0	3044
2019-01-13 21:19:46	0	3045
2019-01-13 21:19:46	1	3046
2019-01-13 21:19:46	0	3047
2019-01-13 21:19:46	0	3048
2019-01-13 21:19:46	0	3049
2019-01-13 21:19:46	0	3050
2019-01-13 21:19:46	0	3051
2019-01-13 21:19:46	1	3076
2019-01-13 21:19:46	1	3081
2019-01-13 21:19:46	0	3085
2019-01-13 21:19:46	1	3086
2019-01-13 21:19:46	1	3087
2019-01-13 21:19:46	1	3089
2019-01-13 21:19:46	1	3090
2019-01-13 21:19:46	1	3091
2019-01-13 21:19:46	1	3092
2019-01-13 21:19:46	1	3095
2019-01-13 21:19:46	1	3096
2019-01-13 21:19:46	0	3098
2019-01-13 21:19:46	0	3100
2019-01-13 21:19:46	0	3102
2019-01-13 21:19:46	1	3103
2019-01-13 21:19:46	1	3104
2019-01-13 21:19:46	1	3107
2019-01-13 21:19:46	1	3108
2019-01-13 21:19:46	0	3109
2019-01-13 21:19:46	1	3110
2019-01-13 21:19:46	1	3111
2019-01-13 21:19:46	0	3112
2019-01-13 21:19:46	0	3113
2019-01-13 21:19:46	0	3114
2019-01-13 21:19:46	0	3115
2019-01-13 21:19:46	0	3116
2019-01-13 21:19:46	0	3117
2019-01-13 21:19:46	0	3118
2019-01-13 21:19:46	0	3119
2019-01-13 21:19:46	1	3121
2019-01-13 21:19:46	0	3122
2019-01-13 21:19:46	1	3123
2019-01-13 21:19:46	1	3124
2019-01-13 21:19:46	0	3125
2019-01-13 21:19:46	0	3171
2019-01-13 21:19:46	0	3175
2019-01-13 21:19:46	0	3176
2019-01-13 21:19:46	0	3177
2019-01-13 21:19:46	0	3181
2019-01-13 21:19:46	0	3182
2019-01-13 21:19:46	0	3231
2019-01-13 21:19:46	0	3364
2019-01-13 21:19:46	0	3365
2019-01-13 21:19:46	0	3366
2019-01-13 21:19:46	0	3367
2019-01-13 21:19:46	0	3368
2019-01-13 21:19:46	0	3376
2019-01-13 21:19:46	0	3381
2019-01-13 21:19:46	1	3382
2019-01-13 21:19:46	0	3384
2019-01-13 21:19:46	0	3394
2019-01-13 21:19:46	1	3403
2019-01-13 21:19:46	1	3404
2019-01-13 21:19:46	0	3405
2019-01-13 21:19:46	1	3408
2019-01-13 21:19:46	1	3410
2019-01-13 21:19:46	1	3414
2019-01-13 21:19:46	1	3416
2019-01-13 21:19:46	1	3418
2019-01-13 21:19:46	0	3604
2019-01-13 21:19:46	1	3606
2019-01-13 21:19:46	0	3615
2019-01-13 21:19:46	1	3617
2019-01-13 21:19:46	1	3618
2019-01-13 21:19:46	1	3619
2019-01-13 21:19:46	0	3622
2019-01-13 21:19:46	1	3623
2019-01-13 21:19:46	0	3634
2019-01-13 21:19:46	0	3636
2019-01-13 21:19:46	0	3642
2019-01-13 21:19:46	1	3665
2019-01-13 21:19:46	0	3669
2019-01-13 21:19:46	1	3671
2019-01-13 21:19:46	0	3673
2019-01-13 21:19:46	1	3676
2019-01-13 21:19:46	0	3678
2019-01-13 21:19:46	0	3682
2019-01-13 21:19:46	0	3684
2019-01-13 21:19:46	0	3688
2019-01-13 21:19:46	0	3690
2019-01-13 21:19:46	0	3694
2019-01-13 21:19:46	1	3696
2019-01-13 21:19:46	0	3699
2019-01-13 21:19:46	1	3700
2019-01-13 21:19:46	0	3701
2019-01-13 21:19:46	1	3702
2019-01-13 21:19:46	0	3703
2019-01-13 21:19:46	0	3704
2019-01-13 21:19:46	0	3705
2019-01-13 21:19:46	0	3706
2019-01-13 21:19:46	0	3707
2019-01-13 21:19:46	0	3708
2019-01-13 21:19:46	1	3709
2019-01-13 21:19:46	0	3710
2019-01-13 21:19:46	1	3711
2019-01-13 21:19:46	0	3713
2019-01-13 21:19:46	1	3717
2019-01-13 21:19:46	1	3719
2019-01-13 21:19:46	0	3720
2019-01-13 21:19:46	0	3721
2019-01-13 21:19:46	0	3722
2019-01-13 21:19:46	0	3723
2019-01-13 21:19:46	0	3724
2019-01-13 21:19:46	0	3725
2019-01-13 21:19:46	0	3727
2019-01-13 21:19:46	0	3730
2019-01-13 21:19:46	1	3879
2019-01-13 21:19:46	0	3883
2019-01-13 21:19:46	1	3884
2019-01-13 21:19:46	0	3890
2019-01-13 21:19:46	0	3893
2019-01-13 21:19:46	1	3895
2019-01-13 21:19:46	0	3896
2019-01-13 21:19:46	0	3897
2019-01-13 21:19:46	1	3898
2019-01-13 21:19:46	1	3899
2019-01-13 21:19:46	1	3900
2019-01-13 21:19:46	1	3906
2019-01-13 21:19:46	0	3907
2019-01-13 21:19:46	1	3908
2019-01-13 21:19:46	1	3909
2019-01-13 21:19:46	1	3910
2019-01-13 21:19:46	0	3911
2019-01-13 21:19:46	0	3912
2019-01-13 21:19:46	0	3914
2019-01-13 21:19:46	0	3915
2019-01-13 21:19:46	0	3917
2019-01-13 21:19:46	0	3919
2019-01-13 21:19:46	0	3921
2019-01-13 21:19:46	0	3922
2019-01-13 21:19:46	0	3923
2019-01-13 21:19:46	0	3924
2019-01-13 21:19:46	0	3925
2019-01-13 21:19:46	0	3926
2019-01-13 21:19:46	0	3928
2019-01-13 21:19:46	0	3929
2019-01-13 21:19:46	0	3930
2019-01-13 21:19:46	0	3931
2019-01-13 21:19:46	1	3932
2019-01-13 21:19:46	0	3933
2019-01-13 21:19:46	0	3934
2019-01-13 21:19:46	0	3935
2019-01-13 21:19:46	0	3936
2019-01-13 21:19:46	1	3937
2019-01-13 21:19:46	0	3938
2019-01-13 21:19:46	0	3939
2019-01-13 21:19:46	0	3940
2019-01-13 21:19:46	0	3941
2019-01-13 21:19:46	0	3942
2019-01-13 21:19:46	1	3943
2019-01-13 21:19:46	1	3944
2019-01-13 21:19:46	0	3945
2019-01-13 21:19:46	1	3946
2019-01-13 21:19:46	1	3947
2019-01-13 21:19:46	1	3950
2019-01-13 21:19:46	1	3951
2019-01-13 21:19:46	1	3952
2019-01-13 21:19:46	0	3954
2019-01-13 21:19:46	0	3956
2019-01-13 21:19:46	0	3959
2019-01-13 21:19:46	0	3960
2019-01-13 21:19:46	0	3961
2019-01-13 21:19:46	0	3966
2019-01-13 21:19:46	1	3968
2019-01-13 21:19:46	1	3969
2019-01-13 21:19:46	0	3970
2019-01-13 21:19:46	0	3974
2019-01-13 21:19:46	0	3975
2019-01-13 21:19:46	1	3976
2019-01-13 21:19:46	0	3977
2019-01-13 21:19:46	0	3978
2019-01-13 21:19:46	0	3979
2019-01-13 21:19:46	0	3981
2019-01-13 21:19:46	0	3982
2019-01-13 21:19:46	1	3983
2019-01-13 21:19:46	0	3984
2019-01-13 21:19:46	0	3986
2019-01-13 21:19:46	0	3987
2019-01-13 21:19:46	1	3988
2019-01-13 21:19:46	0	3989
2019-01-13 21:19:46	1	3992
2019-01-13 21:19:46	0	3993
2019-01-13 21:19:46	0	3994
2019-01-13 21:19:46	0	3995
2019-01-13 21:19:46	1	3996
2019-01-13 21:19:46	1	3997
2019-01-13 21:19:46	1	3998
2019-01-13 21:19:46	1	3999
2019-01-13 21:19:46	0	4008
2019-01-13 21:19:46	0	4017
2019-01-13 21:19:46	1	4018
2019-01-13 21:19:46	0	4019
2019-01-13 21:19:46	1	4020
2019-01-13 21:19:46	1	4021
2019-01-13 21:19:46	1	4023
2019-01-13 21:19:46	0	4025
2019-01-13 21:19:46	0	4027
2019-01-13 21:19:46	0	4029
2019-01-13 21:19:46	0	4030
2019-01-13 21:19:46	0	4031
2019-01-13 21:19:46	0	4032
2019-01-13 21:19:46	0	4033
2019-01-13 21:19:46	0	4035
2019-01-13 21:19:46	0	4036
2019-01-13 21:19:46	0	4037
2019-01-13 21:19:46	0	4038
2019-01-13 21:19:46	0	4039
2019-01-13 21:19:46	0	4040
2019-01-13 21:19:46	0	4041
2019-01-13 21:19:46	0	4042
2019-01-13 21:19:46	0	4043
2019-01-13 21:19:46	0	4046
2019-01-13 21:19:46	0	4047
2019-01-13 21:19:46	0	4048
2019-01-13 21:19:46	0	4049
2019-01-13 21:19:46	0	4050
2019-01-13 21:19:46	0	4051
2019-01-13 21:19:46	0	4052
2019-01-13 21:19:46	0	4053
2019-01-13 21:19:46	0	4054
2019-01-13 21:19:46	0	4055
2019-01-13 21:19:46	0	4057
2019-01-13 21:19:46	0	4058
2019-01-13 21:19:46	0	4059
2019-01-13 21:19:46	0	4060
2019-01-13 21:19:46	0	4061
2019-01-13 21:19:46	1	4062
2019-01-13 21:19:46	0	4063
2019-01-13 21:19:46	0	4064
2019-01-13 21:19:46	0	4066
2019-01-13 21:19:46	1	4067
2019-01-13 21:19:46	0	4068
2019-01-13 21:19:46	0	4069
2019-01-13 21:19:46	0	4070
2019-01-13 21:19:46	0	4071
2019-01-13 21:19:46	0	4084
2019-01-13 21:19:46	0	4085
2019-01-13 21:19:46	1	4086
2019-01-13 21:19:46	0	4087
2019-01-13 21:19:46	0	4088
2019-01-13 21:19:46	1	4090
2019-01-13 21:19:46	0	4091
2019-01-13 21:19:46	0	4101
2019-01-13 21:19:46	0	4104
2019-01-13 21:19:46	0	4105
2019-01-13 21:19:46	0	4106
2019-01-13 21:19:46	0	4109
2019-01-13 21:19:46	1	4110
2019-01-13 21:19:46	0	4111
2019-01-13 21:19:46	0	4112
2019-01-13 21:19:46	1	4116
2019-01-13 21:19:46	0	4117
2019-01-13 21:19:46	0	4118
2019-01-13 21:19:46	0	4119
2019-01-13 21:19:46	0	4120
2019-01-13 21:19:46	0	4121
2019-01-13 21:19:46	0	4122
2019-01-13 21:19:46	0	4123
2019-01-13 21:19:46	0	4125
2019-01-13 21:19:46	0	4126
2019-01-13 21:19:46	0	4128
2019-01-13 21:19:46	0	4129
2019-01-13 21:19:46	0	4130
2019-01-13 21:19:46	0	4131
2019-01-13 21:19:46	0	4421
2019-01-13 21:19:46	0	4423
2019-01-13 21:19:46	0	4424
2019-01-13 21:19:46	0	4426
2019-01-13 21:19:46	0	4427
2019-01-13 21:19:46	0	4428
2019-01-13 21:19:46	1	4429
2019-01-13 21:19:46	0	4431
2019-01-13 21:19:46	0	4432
2019-01-13 21:19:46	0	4433
2019-01-13 21:19:46	0	4434
2019-01-13 21:19:46	0	4435
2019-01-13 21:19:46	0	4436
2019-01-13 21:19:46	0	4437
2019-01-13 21:19:46	1	4438
2019-01-13 21:19:46	1	4439
2019-01-13 21:19:46	1	4440
2019-01-13 21:19:46	0	4441
2019-01-13 21:19:46	1	4442
2019-01-13 21:19:46	0	4443
2019-01-13 21:19:46	0	4444
2019-01-13 21:19:46	0	4446
2019-01-13 21:19:46	0	4449
2019-01-13 21:19:46	0	4453
2019-01-13 21:19:46	0	4454
2019-01-13 21:19:46	1	4520
2019-01-13 21:19:46	0	4549
2019-01-13 21:19:46	1	4553
2019-01-13 21:19:46	1	4559
2019-01-13 21:19:46	0	4560
2019-01-13 21:19:46	1	4561
2019-01-13 21:19:46	1	4562
2019-01-13 21:19:46	1	4563
2019-01-13 21:19:46	0	4564
2019-01-13 21:19:46	1	4565
2019-01-13 21:19:46	1	4566
2019-01-13 21:19:46	1	4567
2019-01-13 21:19:46	0	4568
2019-01-13 21:19:46	1	4569
2019-01-13 21:19:46	1	4570
2019-01-13 21:19:46	1	4572
2019-01-13 21:19:46	1	4573
2019-01-13 21:19:46	0	4574
2019-01-13 21:19:46	0	4575
2019-01-13 21:19:46	0	4576
2019-01-13 21:19:46	0	4577
2019-01-13 21:19:46	0	4578
2019-01-13 21:19:46	1	4579
2019-01-13 21:19:46	0	4649
2019-01-13 21:19:46	0	4650
2019-01-13 21:19:46	1	4651
2019-01-13 21:19:46	1	4652
2019-01-13 21:19:46	1	4653
2019-01-13 21:19:46	0	4655
2019-01-13 21:19:46	0	4656
2019-01-13 21:19:46	0	4657
2019-01-13 21:19:46	1	4690
2019-01-13 21:19:46	1	4692
2019-01-13 21:19:46	1	4694
2019-01-13 21:19:46	1	4696
2019-01-13 21:19:46	1	4697
2019-01-13 21:19:46	1	4698
2019-01-13 21:19:46	1	4699
2019-01-13 21:19:46	1	4701
2019-01-13 21:19:46	0	4703
2019-01-13 21:19:46	1	4705
2019-01-13 21:19:46	1	4710
2019-01-13 21:19:46	1	4712
2019-01-13 21:19:46	1	4714
2019-01-13 21:19:46	0	4715
2019-01-13 21:19:46	1	4716
2019-01-13 21:19:46	0	4717
2019-01-13 21:19:46	1	4719
2019-01-13 21:19:46	1	4721
2019-01-13 21:19:46	1	4723
2019-01-13 21:19:46	1	4725
2019-01-13 21:19:46	1	4727
2019-01-13 21:19:46	1	4729
2019-01-13 21:19:46	1	4731
2019-01-13 21:19:46	1	4735
2019-01-13 21:19:46	0	4739
2019-01-13 21:19:46	1	4745
2019-01-13 21:19:46	1	4746
2019-01-13 21:19:46	1	4748
2019-01-13 21:19:46	0	4749
2019-01-13 21:19:46	1	4750
2019-01-13 21:19:46	1	4751
2019-01-13 21:19:46	1	4752
2019-01-13 21:19:46	0	4753
2019-01-13 21:19:46	1	4757
2019-01-13 21:19:46	1	4758
2019-01-13 21:19:46	1	4759
2019-01-13 21:19:46	0	4794
2019-01-13 21:19:46	0	4795
2019-01-13 21:19:46	1	4797
2019-01-13 21:19:46	0	4798
2019-01-13 21:19:46	1	4799
2019-01-13 21:19:46	1	4800
2019-01-13 21:19:46	0	4801
2019-01-13 21:19:46	0	4802
2019-01-13 21:19:46	0	4803
2019-01-13 21:19:46	1	4804
2019-01-13 21:19:46	1	4805
2019-01-13 21:19:46	1	4806
2019-01-13 21:19:46	1	4807
2019-01-13 21:19:46	0	4808
2019-01-13 21:19:46	1	4809
2019-01-13 21:19:46	0	4811
2019-01-13 21:19:46	0	4813
2019-01-13 21:19:46	0	4814
2019-01-13 21:19:46	0	4817
2019-01-13 21:19:46	0	4818
2019-01-13 21:19:46	0	4819
2019-01-13 21:19:46	0	4820
2019-01-13 21:19:46	0	4821
2019-01-13 21:19:46	0	4822
2019-01-13 21:19:46	0	4823
2019-01-13 21:19:46	0	4824
2019-01-13 21:19:46	0	4825
2019-01-13 21:19:46	0	4826
2019-01-13 21:19:46	0	4827
2019-01-13 21:19:46	0	4828
2019-01-13 21:19:46	0	4829
2019-01-13 21:19:46	0	4830
2019-01-13 21:19:46	0	4831
2019-01-13 21:19:46	0	4832
2019-01-13 21:19:46	0	4833
2019-01-13 21:19:46	0	4834
2019-01-13 21:19:46	1	4837
2019-01-13 21:19:46	1	4838
2019-01-13 21:19:46	0	4839
2019-01-13 21:19:46	0	4840
2019-01-13 21:19:46	0	4841
2019-01-13 21:19:46	0	4842
2019-01-13 21:19:46	0	4843
2019-01-13 21:19:46	0	4844
2019-01-13 21:19:46	0	4845
2019-01-13 21:19:46	0	4846
2019-01-13 21:19:46	0	4847
2019-01-13 21:19:46	0	4848
2019-01-13 21:19:46	0	4849
2019-01-13 21:19:46	1	4850
2019-01-13 21:19:46	1	4851
2019-01-13 21:19:46	1	4852
2019-01-13 21:19:46	0	4853
2019-01-13 21:19:46	1	4855
2019-01-13 21:19:46	0	4857
2019-01-13 21:19:46	1	4861
2019-01-13 21:19:46	0	4863
2019-01-13 21:19:46	0	4865
2019-01-13 21:19:46	0	4866
2019-01-13 21:19:46	0	4867
2019-01-13 21:19:46	1	4868
2019-01-13 21:19:46	1	4869
2019-01-13 21:19:46	0	4876
2019-01-13 21:19:46	0	4877
2019-01-13 21:19:46	1	4878
2019-01-13 21:19:46	0	4879
2019-01-13 21:19:46	0	4881
2019-01-13 21:19:46	1	4883
2019-01-13 21:19:46	1	4885
2019-01-13 21:19:46	1	4887
2019-01-13 21:19:46	1	4889
2019-01-13 21:19:46	0	4893
2019-01-13 21:19:46	0	4895
2019-01-13 21:19:46	0	4897
2019-01-13 21:19:46	0	4899
2019-01-13 21:19:46	0	4901
2019-01-13 21:19:46	0	4903
2019-01-13 21:19:46	0	4905
2019-01-13 21:19:46	0	4907
2019-01-13 21:19:46	0	4909
2019-01-13 21:19:46	0	4911
2019-01-13 21:19:46	0	4913
2019-01-13 21:19:46	0	4915
2019-01-13 21:19:46	0	4917
2019-01-13 21:19:46	0	4919
2019-01-13 21:19:46	1	4921
2019-01-13 21:19:46	0	4927
2019-01-13 21:19:46	1	4929
2019-01-13 21:19:46	1	4933
2019-01-13 21:19:46	1	4937
2019-01-13 21:19:46	0	4939
2019-01-13 21:19:46	0	4944
2019-01-13 21:19:46	0	4946
2019-01-13 21:19:46	1	4948
2019-01-13 21:19:46	0	4956
2019-01-13 21:19:46	1	4958
2019-01-13 21:19:46	0	4960
2019-01-13 21:19:46	0	4962
2019-01-13 21:19:46	1	4964
2019-01-13 21:19:46	0	4966
2019-01-13 21:19:46	1	4968
2019-01-13 21:19:46	0	4970
2019-01-13 21:19:46	1	4972
2019-01-13 21:19:46	0	4974
2019-01-13 21:19:46	0	4976
2019-01-13 21:19:46	0	4978
2019-01-13 21:19:46	0	4981
2019-01-13 21:19:46	0	4982
2019-01-13 21:19:46	0	4983
2019-01-13 21:19:46	0	4985
2019-01-13 21:19:46	0	4987
2019-01-13 21:19:46	0	4989
2019-01-13 21:19:46	1	4991
2019-01-13 21:19:46	0	4993
2019-01-13 21:19:46	0	4995
2019-01-13 21:19:46	0	4997
2019-01-13 21:19:46	1	4999
2019-01-13 21:19:46	0	5001
2019-01-13 21:19:46	0	5003
2019-01-13 21:19:46	0	5005
2019-01-13 21:19:46	1	5007
2019-01-13 21:19:46	1	5009
2019-01-13 21:19:46	1	5011
2019-01-13 21:19:46	1	5013
2019-01-13 21:19:46	0	5015
2019-01-13 21:19:46	1	5017
2019-01-13 21:19:46	0	5019
2019-01-13 21:19:46	1	5021
2019-01-13 21:19:46	0	5022
2019-01-13 21:19:46	1	5023
2019-01-13 21:19:46	0	5026
2019-01-13 21:19:46	0	5028
2019-01-13 21:19:46	1	5030
2019-01-13 21:19:46	0	5031
2019-01-13 21:19:46	0	5032
2019-01-13 21:19:46	0	5033
2019-01-13 21:19:46	0	5034
2019-01-13 21:19:46	1	5035
2019-01-13 21:19:46	0	5036
2019-01-13 21:19:46	0	5037
2019-01-13 21:19:46	1	5039
2019-01-13 21:19:46	1	5040
2019-01-13 21:19:46	1	5041
2019-01-13 21:19:46	0	5042
2019-01-13 21:19:46	1	5043
2019-01-13 21:19:46	0	5046
2019-01-13 21:19:46	0	5047
2019-01-13 21:19:46	0	5048
2019-01-13 21:19:46	1	5049
2019-01-13 21:19:46	0	5050
2019-01-13 21:19:46	1	5051
2019-01-13 21:19:46	1	5052
2019-01-13 21:19:46	1	5053
2019-01-13 21:19:46	0	5054
2019-01-13 21:19:46	0	5055
2019-01-13 21:19:46	1	5056
2019-01-13 21:19:46	0	5057
2019-01-13 21:19:46	0	5058
2019-01-13 21:19:46	0	5059
2019-01-13 21:19:46	0	5060
2019-01-13 21:19:46	1	5061
2019-01-13 21:19:46	1	5062
2019-01-13 21:19:46	1	5063
2019-01-13 21:19:46	1	5064
2019-01-13 21:19:46	1	5065
2019-01-13 21:19:46	0	5066
2019-01-13 21:19:46	1	5067
2019-01-13 21:19:46	0	5068
2019-01-13 21:19:46	1	5069
2019-01-13 21:19:46	1	5070
2019-01-13 21:19:46	0	5071
2019-01-13 21:19:46	0	5072
2019-01-13 21:19:46	1	5073
2019-01-13 21:19:46	0	5074
2019-01-13 21:19:46	0	5075
2019-01-13 21:19:46	0	5076
2019-01-13 21:19:46	1	5077
2019-01-13 21:19:46	0	5078
2019-01-13 21:19:46	0	5079
2019-01-13 21:19:46	0	5080
2019-01-13 21:19:46	0	5081
2019-01-13 21:19:46	1	5082
2019-01-13 21:19:46	0	5083
2019-01-13 21:19:46	0	5084
2019-01-13 21:19:46	1	5085
2019-01-13 21:19:46	0	5086
2019-01-13 21:19:46	1	5087
2019-01-13 21:19:46	0	5088
2019-01-13 21:19:46	1	5089
2019-01-13 21:19:46	0	5090
2019-01-13 21:19:46	0	5091
2019-01-13 21:19:46	0	5092
2019-01-13 21:19:46	0	5093
2019-01-13 21:19:46	0	5094
2019-01-13 21:19:46	0	5095
2019-01-13 21:19:46	0	5096
2019-01-13 21:19:46	0	5097
2019-01-13 21:19:46	0	5098
2019-01-13 21:19:46	0	5099
2019-01-13 21:19:46	0	5100
2019-01-13 21:19:46	0	5101
2019-01-13 21:19:46	0	5102
2019-01-13 21:19:46	1	5103
2019-01-13 21:19:46	0	5104
2019-01-13 21:19:46	0	5105
2019-01-13 21:19:46	0	5106
2019-01-13 21:19:46	0	5107
2019-01-13 21:19:46	0	5108
2019-01-13 21:19:46	0	5109
2019-01-13 21:19:46	0	5110
2019-01-13 21:19:46	0	5111
2019-01-13 21:19:46	0	5112
2019-01-13 21:19:46	0	5113
2019-01-13 21:19:46	0	5114
2019-01-13 21:19:46	0	5115
2019-01-13 21:19:46	0	5116
2019-01-13 21:19:46	0	5117
2019-01-13 21:19:46	0	5118
2019-01-13 21:19:46	1	5119
2019-01-13 21:19:46	0	5120
2019-01-13 21:19:46	0	5121
2019-01-13 21:19:46	0	5122
2019-01-13 21:19:46	0	5123
2019-01-13 21:19:46	0	5125
2019-01-13 21:19:46	0	5126
2019-01-13 21:19:46	0	5127
2019-01-13 21:19:46	0	5128
2019-01-13 21:19:46	0	5129
2019-01-13 21:19:46	0	5130
2019-01-13 21:19:46	0	5131
2019-01-13 21:19:46	0	5132
2019-01-13 21:19:46	0	5133
2019-01-13 21:19:46	0	5134
2019-01-13 21:19:46	0	5135
2019-01-13 21:19:46	1	5136
2019-01-13 21:19:46	1	5137
2019-01-13 21:19:46	0	5138
2019-01-13 21:19:46	0	5139
2019-01-13 21:19:46	0	5140
2019-01-13 21:19:46	0	5141
2019-01-13 21:19:46	0	5142
2019-01-13 21:19:46	0	5143
2019-01-13 21:19:46	0	5144
2019-01-13 21:19:46	0	5145
2019-01-13 21:19:46	0	5146
2019-01-13 21:19:46	0	5147
2019-01-13 21:19:46	1	5148
2019-01-13 21:19:46	1	5149
2019-01-13 21:19:46	1	5150
2019-01-13 21:19:46	0	5151
2019-01-13 21:19:46	1	5152
2019-01-13 21:19:46	0	5153
2019-01-13 21:19:46	0	5154
2019-01-13 21:19:46	0	5155
2019-01-13 21:19:46	0	5156
2019-01-13 21:19:46	0	5166
2019-01-13 21:19:46	0	5300
2019-01-13 21:19:46	0	5301
2019-01-13 21:19:46	0	5302
2019-01-13 21:19:46	0	5303
2019-01-13 21:19:46	0	5304
2019-01-13 21:19:46	0	5305
2019-01-13 21:19:46	0	5306
2019-01-13 21:19:46	0	5307
2019-01-13 21:19:46	0	5308
2019-01-13 21:19:46	0	5309
2019-01-13 21:19:46	1	5311
2019-01-13 21:19:46	0	5312
2019-01-13 21:19:46	0	5313
2019-01-13 21:19:46	1	5314
2019-01-13 21:19:46	1	5315
2019-01-13 21:19:46	1	5316
2019-01-13 21:19:46	1	5317
2019-01-13 21:19:46	1	5318
2019-01-13 21:19:46	1	5321
2019-01-13 21:19:46	0	5322
2019-01-13 21:19:46	1	5323
2019-01-13 21:19:46	0	5324
2019-01-13 21:19:46	0	5325
2019-01-13 21:19:46	0	5326
2019-01-13 21:19:46	1	5327
2019-01-13 21:19:46	1	5328
2019-01-13 21:19:46	0	5329
2019-01-13 21:19:46	0	5330
2019-01-13 21:19:46	0	5331
2019-01-13 21:19:46	0	5332
2019-01-13 21:19:46	1	5333
2019-01-13 21:19:46	1	5336
2019-01-13 21:19:46	1	5345
2019-01-13 21:19:46	1	5346
2019-01-13 21:19:46	1	5347
2019-01-13 21:19:46	1	5348
2019-01-13 21:19:46	1	5349
2019-01-13 21:19:46	1	5351
2019-01-13 21:19:46	0	5352
2019-01-13 21:19:46	1	5353
2019-01-13 21:19:46	1	5354
2019-01-13 21:19:46	0	5355
2019-01-13 21:19:46	1	5356
2019-01-13 21:19:46	1	5357
2019-01-13 21:19:46	1	5358
2019-01-13 21:19:46	1	5359
2019-01-13 21:19:46	0	5360
2019-01-13 21:19:46	1	5361
2019-01-13 21:19:46	1	5362
2019-01-13 21:19:46	0	5363
2019-01-13 21:19:46	1	5364
2019-01-13 21:19:46	0	5367
2019-01-13 21:19:46	0	5368
2019-01-13 21:19:46	0	5369
2019-01-13 21:19:46	0	5370
2019-01-13 21:19:46	0	5371
2019-01-13 21:19:46	0	5372
2019-01-13 21:19:46	0	5373
2019-01-13 21:19:46	0	5374
2019-01-13 21:19:46	0	5375
2019-01-13 21:19:46	0	5376
2019-01-13 21:19:46	0	5378
2019-01-13 21:19:46	1	5383
2019-01-13 21:19:46	1	5384
2019-01-13 21:19:46	0	5385
2019-01-13 21:19:46	1	5386
2019-01-13 21:19:46	0	5600
2019-01-13 21:19:46	1	5850
2019-01-13 21:19:46	1	5851
2019-01-13 21:19:46	1	5852
2019-01-13 21:19:46	1	5853
2019-01-13 21:19:46	1	5854
2019-01-13 21:19:46	1	5855
2019-01-13 21:19:46	1	5856
2019-01-13 21:19:46	1	5857
2019-01-13 21:19:46	1	5858
2019-01-13 21:19:46	1	5859
2019-01-13 21:19:46	1	5860
2019-01-13 21:19:46	1	5861
2019-01-13 21:19:46	1	5862
2019-01-13 21:19:46	1	5864
2019-01-13 21:19:46	1	5865
2019-01-13 21:19:46	1	5866
2019-01-13 21:19:46	1	5867
2019-01-13 21:19:46	1	5868
2019-01-13 21:19:46	1	5869
2019-01-13 21:19:46	1	5870
2019-01-13 21:19:46	1	5871
2019-01-13 21:19:46	1	5872
2019-01-13 21:19:46	1	5873
2019-01-13 21:19:46	1	5874
2019-01-13 21:19:46	1	5875
2019-01-13 21:19:46	1	5876
2019-01-13 21:19:46	1	5877
2019-01-13 21:19:46	1	5878
2019-01-13 21:19:46	1	5879
2019-01-13 21:19:46	1	5880
2019-01-13 21:19:46	1	5881
2019-01-13 21:19:46	0	5882
2019-01-13 21:19:46	1	5883
2019-01-13 21:19:46	1	5884
2019-01-13 21:19:46	1	5886
2019-01-13 21:19:46	1	5887
2019-01-13 21:19:46	1	5888
2019-01-13 21:19:46	0	5889
2019-01-13 21:19:46	1	5890
2019-01-13 21:19:46	1	5891
2019-01-13 21:19:46	1	5892
2019-01-13 21:19:46	0	5893
2019-01-13 21:19:46	1	5894
2019-01-13 21:19:46	1	5895
2019-01-13 21:19:46	1	5896
2019-01-13 21:19:46	1	5897
2019-01-13 21:19:46	1	5898
2019-01-13 21:19:46	1	5899
2019-01-13 21:19:46	1	5900
2019-01-13 21:19:46	1	5902
2019-01-13 21:19:46	1	5903
2019-01-13 21:19:46	1	5904
2019-01-13 21:19:46	1	5905
2019-01-13 21:19:46	1	5906
2019-01-13 21:19:46	0	5907
2019-01-13 21:19:46	1	5908
2019-01-13 21:19:46	1	5909
2019-01-13 21:19:46	1	5910
2019-01-13 21:19:46	1	5911
2019-01-13 21:19:46	0	5912
2019-01-13 21:19:46	1	5913
2019-01-13 21:19:46	0	5914
2019-01-13 21:19:46	1	5915
2019-01-13 21:19:46	1	5916
2019-01-13 21:19:46	1	5917
2019-01-13 21:19:46	0	5918
2019-01-13 21:19:46	1	5919
2019-01-13 21:19:46	1	5920
2019-01-13 21:19:46	1	5921
2019-01-13 21:19:46	0	5922
2019-01-13 21:19:46	1	5923
2019-01-13 21:19:46	1	5924
2019-01-13 21:19:46	1	5925
2019-01-13 21:19:46	1	5926
2019-01-13 21:19:46	0	5927
2019-01-13 21:19:46	1	5928
2019-01-13 21:19:46	1	5929
2019-01-13 21:19:46	0	5982
2019-01-13 21:19:46	0	5983
2019-01-13 21:19:46	0	6005
2019-01-13 21:19:46	0	6007
2019-01-13 21:19:46	0	6008
2019-01-13 21:19:46	0	6009
2019-01-13 21:19:46	0	6010
2019-01-13 21:19:46	0	6015
2019-01-13 21:19:46	0	6016
2019-01-13 21:19:46	0	6017
2019-01-13 21:19:46	0	6018
2019-01-13 21:19:46	0	6019
2019-01-13 21:19:46	0	6020
2019-01-13 21:19:46	0	6021
2019-01-13 21:19:46	0	6022
2019-01-13 21:19:46	0	6023
2019-01-13 21:19:46	0	6024
2019-01-13 21:19:46	0	6025
2019-01-13 21:19:46	1	6026
2019-01-13 21:19:46	0	6035
2019-01-13 21:19:46	1	6036
2019-01-13 21:19:46	1	6037
2019-01-13 21:19:46	0	6038
2019-01-13 21:19:46	1	6039
2019-01-13 21:19:46	0	6044
2019-01-13 21:19:46	0	6045
2019-01-13 21:19:46	0	6047
2019-01-13 21:19:46	0	6049
2019-01-13 21:19:46	1	6050
2019-01-13 21:19:46	0	6051
2019-01-13 21:19:46	0	6052
2019-01-13 21:19:46	0	6053
2019-01-13 21:19:46	0	6054
2019-01-13 21:19:46	1	6055
2019-01-13 21:19:46	1	6056
2019-01-13 21:19:46	1	6057
2019-01-13 21:19:46	0	6058
2019-01-13 21:19:46	0	6059
2019-01-13 21:19:46	1	6060
2019-01-13 21:19:46	0	6061
2019-01-13 21:19:46	0	6063
2019-01-13 21:19:46	1	6064
2019-01-13 21:19:46	0	6066
2019-01-13 21:19:46	0	6067
2019-01-13 21:19:46	1	6068
2019-01-13 21:19:46	1	6069
2019-01-13 21:19:46	1	6070
2019-01-13 21:19:46	1	6073
2019-01-13 21:19:46	1	6074
2019-01-13 21:19:46	1	6075
2019-01-13 21:19:46	1	6076
2019-01-13 21:19:46	1	6077
2019-01-13 21:19:46	1	6078
2019-01-13 21:19:46	1	6079
2019-01-13 21:19:46	0	6080
2019-01-13 21:19:46	1	6081
2019-01-13 21:19:46	1	6082
2019-01-13 21:19:46	1	6083
2019-01-13 21:19:46	1	6084
2019-01-13 21:19:46	0	6085
2019-01-13 21:19:46	0	6086
2019-01-13 21:19:46	0	6087
2019-01-13 21:19:46	1	6088
2019-01-13 21:19:46	1	6089
2019-01-13 21:19:46	0	6090
2019-01-13 21:19:46	1	6091
2019-01-13 21:19:46	1	6092
2019-01-13 21:19:46	0	6093
2019-01-13 21:19:46	1	6101
2019-01-13 21:19:46	1	6102
2019-01-13 21:19:46	1	6103
2019-01-13 21:19:46	1	6104
2019-01-13 21:19:46	1	6105
2019-01-13 21:19:46	1	6106
2019-01-13 21:19:46	1	6107
2019-01-13 21:19:46	1	6108
2019-01-13 21:19:46	0	6109
2019-01-13 21:19:46	1	6110
2019-01-13 21:19:46	0	6111
2019-01-13 21:19:46	1	6112
2019-01-13 21:19:46	1	6113
2019-01-13 21:19:46	1	6114
2019-01-13 21:19:46	0	6115
2019-01-13 21:19:46	1	6116
2019-01-13 21:19:46	0	6117
2019-01-13 21:19:46	1	6118
2019-01-13 21:19:46	1	6119
2019-01-13 21:19:46	1	6120
2019-01-13 21:19:46	1	6121
2019-01-13 21:19:46	0	6122
2019-01-13 21:19:46	1	6123
2019-01-13 21:19:46	1	6124
2019-01-13 21:19:46	1	6125
2019-01-13 21:19:46	1	6126
2019-01-13 21:19:46	1	6127
2019-01-13 21:19:46	1	6128
2019-01-13 21:19:46	0	6129
2019-01-13 21:19:46	0	6130
2019-01-13 21:19:46	0	6132
2019-01-13 21:19:46	1	6133
2019-01-13 21:19:46	1	6135
2019-01-13 21:19:46	0	6136
2019-01-13 21:19:46	1	6137
2019-01-13 21:19:46	1	6138
2019-01-13 21:19:46	1	6139
2019-01-13 21:19:46	1	6140
2019-01-13 21:19:46	1	6141
2019-01-13 21:19:46	1	6142
2019-01-13 21:19:46	1	6143
2019-01-13 21:19:46	1	6145
2019-01-13 21:19:46	1	6146
2019-01-13 21:19:46	1	6147
2019-01-13 21:19:46	1	6148
2019-01-13 21:19:46	1	6149
2019-01-13 21:19:46	1	6150
2019-01-13 21:19:46	1	6151
2019-01-13 21:19:46	1	6152
2019-01-13 21:19:46	1	6153
2019-01-13 21:19:46	0	6154
2019-01-13 21:19:46	1	6155
2019-01-13 21:19:46	1	6169
2019-01-13 21:19:46	0	6170
2019-01-13 21:19:46	1	6171
2019-01-13 21:19:46	0	6172
2019-01-13 21:19:46	0	6173
2019-01-13 21:19:46	0	6174
2019-01-13 21:19:46	1	6175
2019-01-13 21:19:46	1	6176
2019-01-13 21:19:46	0	6177
2019-01-13 21:19:46	0	6178
2019-01-13 21:19:46	0	6179
2019-01-13 21:19:46	0	6180
2019-01-13 21:19:46	0	6181
2019-01-13 21:19:46	0	6182
2019-01-13 21:19:46	1	6183
2019-01-13 21:19:46	1	6184
2019-01-13 21:19:46	1	6185
2019-01-13 21:19:46	1	6186
2019-01-13 21:19:46	1	6188
2019-01-13 21:19:46	1	6189
2019-01-13 21:19:46	1	6190
2019-01-13 21:19:46	1	6191
2019-01-13 21:19:46	0	6192
2019-01-13 21:19:46	0	6193
2019-01-13 21:19:46	1	6194
2019-01-13 21:19:46	1	6195
2019-01-13 21:19:46	1	6196
2019-01-13 21:19:46	0	6197
2019-01-13 21:19:46	0	6198
2019-01-13 21:19:46	1	6199
2019-01-13 21:19:46	0	6200
2019-01-13 21:19:46	1	6201
2019-01-13 21:19:46	0	6202
2019-01-13 21:19:46	0	6203
2019-01-13 21:19:46	1	6204
2019-01-13 21:19:46	0	6205
2019-01-13 21:19:46	0	6206
2019-01-13 21:19:46	0	6207
2019-01-13 21:19:46	0	6208
2019-01-13 21:19:46	0	6209
2019-01-13 21:19:46	1	6210
2019-01-13 21:19:46	1	6211
2019-01-13 21:19:46	0	6212
2019-01-13 21:19:46	1	6213
2019-01-13 21:19:46	1	6214
2019-01-13 21:19:46	1	6215
2019-01-13 21:19:46	1	6216
2019-01-13 21:19:46	1	6217
2019-01-13 21:19:46	1	6218
2019-01-13 21:19:46	1	6219
2019-01-13 21:19:46	0	6220
2019-01-13 21:19:46	0	6221
2019-01-13 21:19:46	1	6222
2019-01-13 21:19:46	1	6223
2019-01-13 21:19:46	0	6224
2019-01-13 21:19:46	0	6225
2019-01-13 21:19:46	1	6226
2019-01-13 21:19:46	1	6227
2019-01-13 21:19:46	1	6228
2019-01-13 21:19:46	1	6229
2019-01-13 21:19:46	1	6230
2019-01-13 21:19:46	1	6231
2019-01-13 21:19:46	1	6232
2019-01-13 21:19:46	0	6233
2019-01-13 21:19:46	1	6234
2019-01-13 21:19:46	0	6235
2019-01-13 21:19:46	1	6236
2019-01-13 21:19:46	0	6237
2019-01-13 21:19:46	1	6238
2019-01-13 21:19:46	1	6239
2019-01-13 21:19:46	0	6240
2019-01-13 21:19:46	0	6241
2019-01-13 21:19:46	0	6242
2019-01-13 21:19:46	0	6243
2019-01-13 21:19:46	1	6244
2019-01-13 21:19:46	0	6246
2019-01-13 21:19:46	0	6247
2019-01-13 21:19:46	1	6248
2019-01-13 21:19:46	1	6249
2019-01-13 21:19:46	1	6250
2019-01-13 21:19:46	1	6251
2019-01-13 21:19:46	0	6252
2019-01-13 21:19:46	0	6253
2019-01-13 21:19:46	1	6254
2019-01-13 21:19:46	0	6255
2019-01-13 21:19:46	1	6256
2019-01-13 21:19:46	1	6257
2019-01-13 21:19:46	1	6258
2019-01-13 21:19:46	1	6259
2019-01-13 21:19:46	1	6260
2019-01-13 21:19:46	1	6261
2019-01-13 21:19:46	1	6262
2019-01-13 21:19:46	0	6263
2019-01-13 21:19:46	0	6264
2019-01-13 21:19:46	1	6265
2019-01-13 21:19:46	1	6266
2019-01-13 21:19:46	1	6267
2019-01-13 21:19:46	1	6268
2019-01-13 21:19:46	1	6269
2019-01-13 21:19:46	1	6270
2019-01-13 21:19:46	1	6271
2019-01-13 21:19:46	1	6272
2019-01-13 21:19:46	0	6273
2019-01-13 21:19:46	0	6274
2019-01-13 21:19:46	1	6275
2019-01-13 21:19:46	0	6278
2019-01-13 21:19:46	0	6279
2019-01-13 21:19:46	0	6280
2019-01-13 21:19:46	0	6281
2019-01-13 21:19:46	0	6282
2019-01-13 21:19:46	0	6283
2019-01-13 21:19:46	0	6284
2019-01-13 21:19:46	0	6285
2019-01-13 21:19:46	0	6286
2019-01-13 21:19:46	0	6287
2019-01-13 21:19:46	0	6288
2019-01-13 21:19:46	1	6289
2019-01-13 21:19:46	1	6290
2019-01-13 21:19:46	1	6292
2019-01-13 21:19:46	0	6293
2019-01-13 21:19:46	1	6294
2019-01-13 21:19:46	1	6295
2019-01-13 21:19:46	0	6296
2019-01-13 21:19:46	0	6297
2019-01-13 21:19:46	0	6298
2019-01-13 21:19:46	0	6302
2019-01-13 21:19:46	0	6304
2019-01-13 21:19:46	0	6305
2019-01-13 21:19:46	0	6306
2019-01-13 21:19:46	0	6307
2019-01-13 21:19:46	0	6308
2019-01-13 21:19:46	0	6309
2019-01-13 21:19:46	0	6310
2019-01-13 21:19:46	0	6312
2019-01-13 21:19:46	0	6320
2019-01-13 21:19:46	1	6321
2019-01-13 21:19:46	0	6322
2019-01-13 21:19:46	0	6323
2019-01-13 21:19:46	1	6324
2019-01-13 21:19:46	0	6325
2019-01-13 21:19:46	0	6326
2019-01-13 21:19:46	1	6327
2019-01-13 21:19:46	1	6328
2019-01-13 21:19:46	1	6329
2019-01-13 21:19:46	0	6330
2019-01-13 21:19:46	1	6332
2019-01-13 21:19:46	1	6333
2019-01-13 21:19:46	1	6334
2019-01-13 21:19:46	1	6335
2019-01-13 21:19:46	0	6350
2019-01-13 21:19:46	1	6351
2019-01-13 21:19:46	0	6352
2019-01-13 21:19:46	1	6358
2019-01-13 21:19:46	1	6359
2019-01-13 21:19:46	1	6360
2019-01-13 21:19:46	1	6361
2019-01-13 21:19:46	1	6362
2019-01-13 21:19:46	0	6372
2019-01-13 21:19:46	1	6373
2019-01-13 21:19:46	1	6374
2019-01-13 21:19:46	1	6375
2019-01-13 21:19:46	0	6376
2019-01-13 21:19:46	0	6377
2019-01-13 21:19:46	1	6380
2019-01-13 21:19:46	0	6381
2019-01-13 21:19:46	0	6382
2019-01-13 21:19:46	1	6383
2019-01-13 21:19:46	0	6384
2019-01-13 21:19:46	0	6385
2019-01-13 21:19:46	0	6386
2019-01-13 21:19:46	0	6387
2019-01-13 21:19:46	0	6388
2019-01-13 21:19:46	0	6389
2019-01-13 21:19:46	0	6390
2019-01-13 21:19:46	0	6391
2019-01-13 21:19:46	0	6393
2019-01-13 21:19:46	0	6394
2019-01-13 21:19:46	0	6395
2019-01-13 21:19:46	0	6396
2019-01-13 21:19:46	0	6397
2019-01-13 21:19:46	0	6398
2019-01-13 21:19:46	0	6399
2019-01-13 21:19:46	0	6400
2019-01-13 21:19:46	0	6401
2019-01-13 21:19:46	0	6403
2019-01-13 21:19:46	0	6404
2019-01-13 21:19:46	0	6405
2019-01-13 21:19:46	1	6406
2019-01-13 21:19:46	0	6408
2019-01-13 21:19:46	1	6409
2019-01-13 21:19:46	0	6410
2019-01-13 21:19:46	0	6411
2019-01-13 21:19:46	1	6412
2019-01-13 21:19:46	0	6413
2019-01-13 21:19:46	0	6414
2019-01-13 21:19:46	0	6415
2019-01-13 21:19:46	0	6416
2019-01-13 21:19:46	0	6417
2019-01-13 21:19:46	0	6418
2019-01-13 21:19:46	0	6419
2019-01-13 21:19:46	0	6420
2019-01-13 21:19:46	0	6421
2019-01-13 21:19:46	0	6422
2019-01-13 21:19:46	0	6423
2019-01-13 21:19:46	0	6424
2019-01-13 21:19:46	0	6425
2019-01-13 21:19:46	1	6426
2019-01-13 21:19:46	0	6427
2019-01-13 21:19:46	1	6428
2019-01-13 21:19:46	0	6429
2019-01-13 21:19:46	0	6430
2019-01-13 21:19:46	1	6431
2019-01-13 21:19:46	0	6432
2019-01-13 21:19:46	0	6433
2019-01-13 21:19:46	0	6434
2019-01-13 21:19:46	0	6435
2019-01-13 21:19:46	1	6436
2019-01-13 21:19:46	1	6437
2019-01-13 21:19:46	1	6438
2019-01-13 21:19:46	0	6439
2019-01-13 21:19:46	1	6442
2019-01-13 21:19:46	1	6443
2019-01-13 21:19:46	1	6445
2019-01-13 21:19:46	0	6453
2019-01-13 21:19:46	0	6454
2019-01-13 21:19:46	0	6455
2019-01-13 21:19:46	1	6456
2019-01-13 21:19:46	0	6465
2019-01-13 21:19:46	1	6466
2019-01-13 21:19:46	1	6467
2019-01-13 21:19:46	1	6468
2019-01-13 21:19:46	1	6469
2019-01-13 21:19:46	1	6470
2019-01-13 21:19:46	0	6471
2019-01-13 21:19:46	1	6472
2019-01-13 21:19:46	1	6474
2019-01-13 21:19:46	1	6482
2019-01-13 21:19:46	1	6483
2019-01-13 21:19:46	1	6484
2019-01-13 21:19:46	1	6485
2019-01-13 21:19:46	1	6486
2019-01-13 21:19:46	1	6487
2019-01-13 21:19:46	1	6488
2019-01-13 21:19:46	1	6489
2019-01-13 21:19:46	1	6490
2019-01-13 21:19:46	1	6491
2019-01-13 21:19:46	1	6492
2019-01-13 21:19:46	1	6493
2019-01-13 21:19:46	1	6495
2019-01-13 21:19:46	0	6496
2019-01-13 21:19:46	1	6517
2019-01-13 21:19:46	1	6518
2019-01-13 21:19:46	0	6519
2019-01-13 21:19:46	1	6520
2019-01-13 21:19:46	0	6521
2019-01-13 21:19:46	0	6522
2019-01-13 21:19:46	1	6523
2019-01-13 21:19:46	1	6524
2019-01-13 21:19:46	0	6525
2019-01-13 21:19:46	0	6533
2019-01-13 21:19:46	0	6534
2019-01-13 21:19:46	0	6535
2019-01-13 21:19:46	0	6536
2019-01-13 21:19:46	1	6538
2019-01-13 21:19:46	0	6541
2019-01-13 21:19:46	0	6542
2019-01-13 21:19:46	1	6543
2019-01-13 21:19:46	1	6544
2019-01-13 21:19:46	1	6545
2019-01-13 21:19:46	0	6554
2019-01-13 21:19:46	0	6555
2019-01-13 21:19:46	1	6556
2019-01-13 21:19:46	1	6558
2019-01-13 21:19:46	1	6568
2019-01-13 21:19:46	1	6569
2019-01-13 21:19:46	1	6570
2019-01-13 21:19:46	1	6571
2019-01-13 21:19:46	1	6573
2019-01-13 21:19:46	1	6576
2019-01-13 21:19:46	0	6578
2019-01-13 21:19:46	1	6580
2019-01-13 21:19:46	0	6581
2019-01-13 21:19:46	0	6582
2019-01-13 21:19:46	0	6583
2019-01-13 21:19:46	1	6584
2019-01-13 21:19:46	1	6585
2019-01-13 21:19:46	1	6586
2019-01-13 21:19:46	0	6587
2019-01-13 21:19:46	0	6588
2019-01-13 21:19:46	1	6589
2019-01-13 21:19:46	0	6590
2019-01-13 21:19:46	0	6591
2019-01-13 21:19:46	1	6603
2019-01-13 21:19:46	0	6604
2019-01-13 21:19:46	0	6605
2019-01-13 21:19:46	0	6606
2019-01-13 21:19:46	1	6607
2019-01-13 21:19:46	0	6608
2019-01-13 21:19:46	1	6609
2019-01-13 21:19:46	0	6610
2019-01-13 21:19:46	1	6611
2019-01-13 21:19:46	1	6612
2019-01-13 21:19:46	0	6613
2019-01-13 21:19:46	1	6614
2019-01-13 21:19:46	1	6615
2019-01-13 21:19:46	1	6616
2019-01-13 21:19:46	1	6617
2019-01-13 21:19:46	1	6618
2019-01-13 21:19:46	1	6619
2019-01-13 21:19:46	0	6620
2019-01-13 21:19:46	1	6621
2019-01-13 21:19:46	1	6622
2019-01-13 21:19:46	1	6623
2019-01-13 21:19:46	0	6625
2019-01-13 21:19:46	0	6626
2019-01-13 21:19:46	1	6627
2019-01-13 21:19:46	1	6629
2019-01-13 21:19:46	0	6630
2019-01-13 21:19:46	1	6631
2019-01-13 21:19:46	1	6632
2019-01-13 21:19:46	1	6633
2019-01-13 21:19:46	1	6634
2019-01-13 21:19:46	1	6635
2019-01-13 21:19:46	0	6638
2019-01-13 21:19:46	0	6639
2019-01-13 21:19:46	0	6640
2019-01-13 21:19:46	0	6641
2019-01-13 21:19:46	1	6642
2019-01-13 21:19:46	0	6643
2019-01-13 21:19:46	0	6644
2019-01-13 21:19:46	0	6645
2019-01-13 21:19:46	0	6646
2019-01-13 21:19:46	0	6647
2019-01-13 21:19:46	1	6648
2019-01-13 21:19:46	0	6649
2019-01-13 21:19:46	1	6650
2019-01-13 21:19:46	0	6652
2019-01-13 21:19:46	0	6655
2019-01-13 21:19:46	0	6656
2019-01-13 21:19:46	1	6657
2019-01-13 21:19:46	0	6660
2019-01-13 21:19:46	1	6661
2019-01-13 21:19:46	0	6662
2019-01-13 21:19:46	1	6664
2019-01-13 21:19:46	0	6665
2019-01-13 21:19:46	1	6666
2019-01-13 21:19:46	1	6667
2019-01-13 21:19:46	1	6668
2019-01-13 21:19:46	1	6669
2019-01-13 21:19:46	1	6675
2019-01-13 21:19:46	1	6676
2019-01-13 21:19:46	1	6677
2019-01-13 21:19:46	1	6678
2019-01-13 21:19:46	1	6679
2019-01-13 21:19:46	1	6680
2019-01-13 21:19:46	0	6695
2019-01-13 21:19:46	0	6699
2019-01-13 21:19:46	1	6700
2019-01-13 21:19:46	1	6701
2019-01-13 21:19:46	1	6702
2019-01-13 21:19:46	0	6703
2019-01-13 21:19:46	1	6706
2019-01-13 21:19:46	1	6707
2019-01-13 21:19:46	1	6708
2019-01-13 21:19:46	0	6709
2019-01-13 21:19:46	1	6710
2019-01-13 21:19:46	0	6753
2019-01-13 21:19:46	1	6754
2019-01-13 21:19:46	0	6755
2019-01-13 21:19:46	0	6756
2019-01-13 21:19:46	0	6757
2019-01-13 21:19:46	0	6758
2019-01-13 21:19:46	0	6759
2019-01-13 21:19:46	1	6760
2019-01-13 21:19:46	1	6761
2019-01-13 21:19:46	0	6820
2019-01-13 21:19:46	1	6821
2019-01-13 21:19:46	1	6823
2019-01-13 21:19:46	1	6824
2019-01-13 21:19:46	1	6825
2019-01-13 21:19:46	1	6826
2019-01-13 21:19:46	1	6828
2019-01-13 21:19:46	1	6829
2019-01-13 21:19:46	0	6830
2019-01-13 21:19:46	1	6831
2019-01-13 21:19:46	0	6832
2019-01-13 21:19:46	0	6833
2019-01-13 21:19:46	0	6834
2019-01-13 21:19:46	0	6835
2019-01-13 21:19:46	1	6836
2019-01-13 21:19:46	0	6837
2019-01-13 21:19:46	0	6838
2019-01-13 21:19:46	0	6839
2019-01-13 21:19:46	0	6840
2019-01-13 21:19:46	0	6841
2019-01-13 21:19:46	0	6842
2019-01-13 21:19:46	0	6844
2019-01-13 21:19:46	0	6845
2019-01-13 21:19:46	0	6846
2019-01-13 21:19:46	0	6847
2019-01-13 21:19:46	0	6848
2019-01-13 21:19:46	0	6849
2019-01-13 21:19:46	0	6850
2019-01-13 21:19:46	0	6854
2019-01-13 21:19:46	0	6855
2019-01-13 21:19:46	0	6856
2019-01-13 21:19:46	0	6859
2019-01-13 21:19:46	0	6860
2019-01-13 21:19:46	0	6861
2019-01-13 21:19:46	0	6862
2019-01-13 21:19:46	0	6863
2019-01-13 21:19:46	0	6864
2019-01-13 21:19:46	0	6865
2019-01-13 21:19:46	0	6866
2019-01-13 21:19:46	0	6867
2019-01-13 21:19:46	0	6868
2019-01-13 21:19:46	0	6869
2019-01-13 21:19:46	0	6870
2019-01-13 21:19:46	0	6871
2019-01-13 21:19:46	0	6872
2019-01-13 21:19:46	0	6873
2019-01-13 21:19:46	0	6874
2019-01-13 21:19:46	0	6875
2019-01-13 21:19:46	0	6876
2019-01-13 21:19:46	1	6877
2019-01-13 21:19:46	1	6878
2019-01-13 21:19:46	0	6879
2019-01-13 21:19:46	0	6882
2019-01-13 21:19:46	0	6883
2019-01-13 21:19:46	1	6884
2019-01-13 21:19:46	0	6885
2019-01-13 21:19:46	0	6886
2019-01-13 21:19:46	0	6887
2019-01-13 21:19:46	1	6888
2019-01-13 21:19:46	0	6889
2019-01-13 21:19:46	0	6890
2019-01-13 21:19:46	0	6892
2019-01-13 21:19:46	0	6893
2019-01-13 21:19:46	0	6894
2019-01-13 21:19:46	0	6895
2019-01-13 21:19:46	0	6896
2019-01-13 21:19:46	0	6897
2019-01-13 21:19:46	0	6898
2019-01-13 21:19:46	0	6899
2019-01-13 21:19:46	0	6900
2019-01-13 21:19:46	0	6901
2019-01-13 21:19:46	0	6902
2019-01-13 21:19:46	0	6903
2019-01-13 21:19:46	0	6904
2019-01-13 21:19:46	0	6905
2019-01-13 21:19:46	0	6906
2019-01-13 21:19:46	0	6907
2019-01-13 21:19:46	0	6908
2019-01-13 21:19:46	1	6909
2019-01-13 21:19:46	1	6910
2019-01-13 21:19:46	0	6919
2019-01-13 21:19:46	0	6920
2019-01-13 21:19:46	0	6921
2019-01-13 21:19:46	0	6922
2019-01-13 21:19:46	1	6923
2019-01-13 21:19:46	0	7049
2019-01-13 21:19:46	0	7052
2019-01-13 21:19:46	1	7053
2019-01-13 21:19:46	0	7055
2019-01-13 21:19:46	0	7057
2019-01-13 21:19:46	0	7059
2019-01-13 21:19:46	0	7060
2019-01-13 21:19:46	0	7062
