bay_id	st_marker_id	status	lat	lon	Now
6015	13029S	Unoccupied	-37.8205372059084	144.949385920063	2019-01-10 05:19:30
4025	C6088	Present	-37.8050030262597	144.952289850729	2019-01-10 05:19:30
6591	13791W	Unoccupied	-37.8130691566815	144.940641577293	2019-01-10 05:19:30
1545	1918N	Unoccupied	-37.814568892974	144.969424277076	2019-01-10 05:19:30
810	C496	Unoccupied	-37.8106755175953	144.969923874861	2019-01-10 05:19:30
643	C116	Unoccupied	-37.8088020022636	144.971864476909	2019-01-10 05:19:30
4317	C6972	Unoccupied	-37.8093563427979	144.956262476207	2019-01-10 05:19:30
2325	2893S	Unoccupied	-37.8111698947865	144.966377942474	2019-01-10 05:19:30
2327	2897S	Unoccupied	-37.8112073878205	144.966250840509	2019-01-10 05:19:30
3033	5133W	Present	-37.8031124997133	144.95699835578	2019-01-10 05:19:30
1528	1892N	Unoccupied	-37.8137206588527	144.972302640238	2019-01-10 05:19:30
2715	4005W	Unoccupied	-37.8077720075739	144.96008443325	2019-01-10 05:19:30
5251	11527S	Unoccupied	-37.8118787642059	144.951954458561	2019-01-10 05:19:30
4650	8466E	Unoccupied	-37.825484876938	144.966856788127	2019-01-10 05:19:30
5255	11535S	Unoccupied	-37.8120341307061	144.951404135551	2019-01-10 05:19:30
1654	2143S	Unoccupied	-37.81280124675	144.971954377432	2019-01-10 05:19:30
4315	C6966	Unoccupied	-37.8093920029898	144.956192062327	2019-01-10 05:19:30
6435	13697W	Unoccupied	-37.8198585334706	144.945923682108	2019-01-10 05:19:30
3634	7585S	Unoccupied	-37.8058057223721	144.954477568901	2019-01-10 05:19:30
4357	C7148	Unoccupied	-37.8070702230026	144.953922867436	2019-01-10 05:19:30
3368	6179W	Unoccupied	-37.8040603181278	144.943176678864	2019-01-10 05:19:30
5888	12909S	Unoccupied	-37.7985540839454	144.965310273244	2019-01-10 05:19:30
6879	14205W	Unoccupied	-37.7963184307881	144.964606947964	2019-01-10 05:19:30
4189	C6648	Present	-37.8085502357513	144.959097992495	2019-01-10 05:19:30
5361	8903W	Unoccupied	-37.8240982252531	144.962115017141	2019-01-10 05:19:30
6330	13478E	Unoccupied	-37.8193841399607	144.950350342669	2019-01-10 05:19:30
6333	13484E	Present	-37.8195417701924	144.950475742016	2019-01-10 05:19:30
6334	13486E	Present	-37.8196051893228	144.950525829395	2019-01-10 05:19:30
2143	3755S	Unoccupied	-37.8100043934075	144.962670189891	2019-01-10 05:19:30
1280	4472E	Unoccupied	-37.8131351202497	144.95435502985	2019-01-10 05:19:30
1300	1291W	Unoccupied	-37.8189575604048	144.959586734811	2019-01-10 05:19:30
6332	13482E	Present	-37.8194922914582	144.950436641583	2019-01-10 05:19:30
1471	1775S	Unoccupied	-37.8167541660727	144.966093102657	2019-01-10 05:19:30
4006	C6050	Unoccupied	-37.806027023238	144.95211012425	2019-01-10 05:19:30
6127	C13612	Unoccupied	-37.8195737808639	144.944706211392	2019-01-10 05:19:30
6080	13225S	Unoccupied	-37.8193974597872	144.945630104869	2019-01-10 05:19:30
5881	12910N	Unoccupied	-37.7983748455081	144.965345959182	2019-01-10 05:19:30
4208	C6712	Unoccupied	-37.8088049114435	144.958219297327	2019-01-10 05:19:30
5606	12231S	Unoccupied	-37.809491444549	144.974322839703	2019-01-10 05:19:30
4725	8674E	Unoccupied	-37.8253011741184	144.962991831689	2019-01-10 05:19:30
2101	3621S	Unoccupied	-37.807946442347	144.969699842684	2019-01-10 05:19:30
3506	6659S	Unoccupied	-37.8087786005965	144.958649425348	2019-01-10 05:19:30
6335	13488E	Unoccupied	-37.8196527146928	144.950561961129	2019-01-10 05:19:30
3264	5820E	Unoccupied	-37.8068978849857	144.953498376281	2019-01-10 05:19:30
5030	9504N	Unoccupied	-37.8284245100659	144.96667604821	2019-01-10 05:19:30
3555	7081S	Unoccupied	-37.8089029405389	144.953818443117	2019-01-10 05:19:30
3550	7073S	Unoccupied	-37.8088248688981	144.954089971541	2019-01-10 05:19:30
2447	C2770	Unoccupied	-37.810243112896	144.969210692294	2019-01-10 05:19:30
4192	C6654	Unoccupied	-37.8085761418441	144.95900866681	2019-01-10 05:19:30
1006	951W	Unoccupied	-37.8130533797872	144.962507709394	2019-01-10 05:19:30
5228	11510N	Unoccupied	-37.8116925121985	144.952196017416	2019-01-10 05:19:30
4365	C7164	Unoccupied	-37.8071881183529	144.953681545213	2019-01-10 05:19:30
4553	10046N	Present	-37.8230628582137	144.965688718545	2019-01-10 05:19:30
6655	13006N	Unoccupied	-37.8197907026872	144.951351596251	2019-01-10 05:19:30
6044	13008N	Unoccupied	-37.8198090045865	144.951287981663	2019-01-10 05:19:30
6007	13013S	Unoccupied	-37.8199471496126	144.951425671378	2019-01-10 05:19:30
6009	13017S	Unoccupied	-37.8199841383127	144.951297711024	2019-01-10 05:19:30
6325	13468E	Present	-37.8185668653405	144.949707222129	2019-01-10 05:19:30
4282	C6900	Unoccupied	-37.809244996628	144.955812361825	2019-01-10 05:19:30
6045	13010N	Unoccupied	-37.8198275153285	144.951223747605	2019-01-10 05:19:30
2669	10178E	Unoccupied	-37.8041045144768	144.949532613368	2019-01-10 05:19:30
4292	C6920	Unoccupied	-37.8094368311548	144.956043878084	2019-01-10 05:19:30
2684	10193W	Unoccupied	-37.8037209724794	144.949410154739	2019-01-10 05:19:30
4297	C6930	Unoccupied	-37.8093723050635	144.955992302208	2019-01-10 05:19:30
6047	13014N	Unoccupied	-37.8198628160094	144.951101251811	2019-01-10 05:19:30
2687	10196E	Unoccupied	-37.8036326022215	144.949615801637	2019-01-10 05:19:30
6005	13009S	Present	-37.8199114831964	144.95154801431	2019-01-10 05:19:30
6010	13019S	Present	-37.8200026815232	144.951233779476	2019-01-10 05:19:30
2903	4869W	Unoccupied	-37.8086083088549	144.957684167558	2019-01-10 05:19:30
6016	13031S	Present	-37.8205557704154	144.949321902037	2019-01-10 05:19:30
1755	2376N	Present	-37.8122148278623	144.969836213889	2019-01-10 05:19:30
6008	13015S	Present	-37.8199655989035	144.951361803434	2019-01-10 05:19:30
5233	11520N	Present	-37.8118291802603	144.951712613433	2019-01-10 05:19:30
4200	C6682	Present	-37.8087366780796	144.958455166739	2019-01-10 05:19:30
808	C488	Unoccupied	-37.8107578813091	144.969961629043	2019-01-10 05:19:30
6225	13328E	Unoccupied	-37.8168498449412	144.945867944029	2019-01-10 05:19:30
6327	13472E	Unoccupied	-37.8187295675937	144.949835082378	2019-01-10 05:19:30
6328	13474E	Present	-37.8187948047274	144.949886191553	2019-01-10 05:19:30
6329	13476E	Unoccupied	-37.8188440172224	144.949924925659	2019-01-10 05:19:30
5357	8895W	Present	-37.824542423654	144.961593061328	2019-01-10 05:19:30
6203	13319W	Unoccupied	-37.8200552171498	144.947043020461	2019-01-10 05:19:30
4234	C6780	Unoccupied	-37.8093540512954	144.956854641102	2019-01-10 05:19:30
3871	C5638	Unoccupied	-37.8068912717334	144.954968685947	2019-01-10 05:19:30
828	C568	Unoccupied	-37.8093648898216	144.969323214954	2019-01-10 05:19:30
5364	11702E	Unoccupied	-37.8106018432231	144.972952782945	2019-01-10 05:19:30
6039	13089S	Present	-37.821087906821	144.942820875108	2019-01-10 05:19:30
4118	C6396	Unoccupied	-37.8037734258926	144.951001081936	2019-01-10 05:19:30
2627	2882N	Present	-37.810594402849	144.967691662405	2019-01-10 05:19:30
5232	11518N	Unoccupied	-37.8118104147346	144.95177886826	2019-01-10 05:19:30
3261	5814E	Unoccupied	-37.8069674566333	144.953485879193	2019-01-10 05:19:30
4399	C7232	Unoccupied	-37.8078598721824	144.952300851282	2019-01-10 05:19:30
888	816E	Unoccupied	-37.8112464107972	144.967509813665	2019-01-10 05:19:30
6610	13849S	Unoccupied	-37.8143569246963	144.940930175906	2019-01-10 05:19:30
5318	7823W	Unoccupied	-37.8291812872798	144.971038392475	2019-01-10 05:19:30
6580	13856N	Unoccupied	-37.8124899612028	144.940738595364	2019-01-10 05:19:30
4177	C6616	Unoccupied	-37.8084169534048	144.959558218998	2019-01-10 05:19:30
5601	12221S	Unoccupied	-37.8094549405866	144.973994165942	2019-01-10 05:19:30
1539	1906N	Present	-37.8144263954724	144.969907101145	2019-01-10 05:19:30
2244	3932N	Unoccupied	-37.8122128265	144.954564743151	2019-01-10 05:19:30
1544	1916N	Unoccupied	-37.814546857047	144.969499930649	2019-01-10 05:19:30
2418	C2658	Unoccupied	-37.8096400238485	144.971282429478	2019-01-10 05:19:30
6545	13751W	Unoccupied	-37.813391987573	144.939209455533	2019-01-10 05:19:30
6059	13040N	Unoccupied	-37.8211263027472	144.943723604849	2019-01-10 05:19:30
6635	13921W	Present	-37.8140759161686	144.942581554234	2019-01-10 05:19:30
2322	2886N	Unoccupied	-37.8108887374072	144.96669066831	2019-01-10 05:19:30
5231	11516N	Unoccupied	-37.8117916487203	144.951845186616	2019-01-10 05:19:30
983	910E	Present	-37.8168627019105	144.964460771701	2019-01-10 05:19:30
5336	8283W	Unoccupied	-37.8267001053269	144.967673270819	2019-01-10 05:19:30
6175	13240N	Unoccupied	-37.8195952097638	144.944312380399	2019-01-10 05:19:30
3473	6533S	Unoccupied	-37.8078804516156	144.961749337884	2019-01-10 05:19:30
4311	C6958	Present	-37.8092299508968	144.956018533395	2019-01-10 05:19:30
3618	7566N	Unoccupied	-37.8056669406292	144.954893286389	2019-01-10 05:19:30
1265	4457W	Unoccupied	-37.8139378325928	144.954474627514	2019-01-10 05:19:30
2242	3930N	Unoccupied	-37.812194570731	144.954628952506	2019-01-10 05:19:30
6387	13637W	Unoccupied	-37.8200730505486	144.944337821232	2019-01-10 05:19:30
2247	3936N	Present	-37.812249160816	144.954436403583	2019-01-10 05:19:30
2248	3938N	Present	-37.8122672779797	144.954372251979	2019-01-10 05:19:30
6823	14006E	Present	-37.7985852641387	144.95790739386	2019-01-10 05:19:30
3156	5347W	Unoccupied	-37.8102918145089	144.955616316036	2019-01-10 05:19:30
867	698E	Unoccupied	-37.8139983747695	144.968772605108	2019-01-10 05:19:30
1988	3406N	Present	-37.8101483587337	144.96564175103	2019-01-10 05:19:30
6603	13912E	Unoccupied	-37.8139057539539	144.94127258567	2019-01-10 05:19:30
2654	10157W	Unoccupied	-37.8047081787315	144.949237686195	2019-01-10 05:19:30
6286	13450E	Unoccupied	-37.8193262321614	144.948630694554	2019-01-10 05:19:30
2665	10173W	Present	-37.8042462483357	144.949317626981	2019-01-10 05:19:30
5033	9509S	Unoccupied	-37.8284602459014	144.966411258279	2019-01-10 05:19:30
1990	3408N	Unoccupied	-37.8101677069429	144.965575689323	2019-01-10 05:19:30
3181	5396E	Unoccupied	-37.8028933458529	144.956685628752	2019-01-10 05:19:30
1530	1894N	Unoccupied	-37.8137400430766	144.972235902124	2019-01-10 05:19:30
3182	5398E	Unoccupied	-37.8028414712352	144.956695008673	2019-01-10 05:19:30
4281	C6898	Unoccupied	-37.8092707709074	144.955870457298	2019-01-10 05:19:30
2913	4885W	Unoccupied	-37.8084317094591	144.957715585843	2019-01-10 05:19:30
6058	13038N	Unoccupied	-37.821141931989	144.943788841545	2019-01-10 05:19:30
2420	C2664	Unoccupied	-37.8096673355045	144.971188926481	2019-01-10 05:19:30
5371	11716E	Unoccupied	-37.8101391264934	144.972952621317	2019-01-10 05:19:30
2310	2849S	Unoccupied	-37.810694217992	144.968022662017	2019-01-10 05:19:30
1994	3412N	Unoccupied	-37.8102063936133	144.965443500084	2019-01-10 05:19:30
4649	8465W	Unoccupied	-37.8255569956887	144.966633784473	2019-01-10 05:19:30
2714	4003W	Unoccupied	-37.8078228130884	144.960107707345	2019-01-10 05:19:30
4386	C7206	Unoccupied	-37.8076428838599	144.952747867299	2019-01-10 05:19:30
4091	C6302	Present	-37.804745654003	144.950829903737	2019-01-10 05:19:30
5362	8905W	Present	-37.8240586458542	144.962161485412	2019-01-10 05:19:30
6130	C13624	Unoccupied	-37.8196648959643	144.944388300976	2019-01-10 05:19:30
6627	13915W	Unoccupied	-37.8136862773512	144.941958450802	2019-01-10 05:19:30
4652	8469W	Unoccupied	-37.8254563707936	144.966668338422	2019-01-10 05:19:30
3365	6173W	Unoccupied	-37.8042126452354	144.943149492625	2019-01-10 05:19:30
4310	C6956	Unoccupied	-37.8092556580862	144.956077141436	2019-01-10 05:19:30
6179	13248N	Unoccupied	-37.8196689953097	144.944060165112	2019-01-10 05:19:30
3044	5147W	Unoccupied	-37.802853245698	144.9568774084	2019-01-10 05:19:30
4279	C6894	Unoccupied	-37.8092905573395	144.955866722691	2019-01-10 05:19:30
734	622E	Unoccupied	-37.8084797720219	144.969039689664	2019-01-10 05:19:30
823	C548	Present	-37.8095798778761	144.969422062904	2019-01-10 05:19:30
6199	13311W	Unoccupied	-37.8203631735612	144.947160616082	2019-01-10 05:19:30
740	634E	Unoccupied	-37.8083197623914	144.968966520505	2019-01-10 05:19:30
1279	4471W	Unoccupied	-37.8132275555723	144.954146978581	2019-01-10 05:19:30
5370	11714E	Unoccupied	-37.8101999023905	144.972945775539	2019-01-10 05:19:30
2146	3761S	Present	-37.8100604512837	144.962478380086	2019-01-10 05:19:30
4811	9142N	Unoccupied	-37.8302957644912	144.969683807133	2019-01-10 05:19:30
739	630E	Unoccupied	-37.8083731323717	144.968990905062	2019-01-10 05:19:30
733	618E	Unoccupied	-37.8085330407912	144.969064089698	2019-01-10 05:19:30
6150	C13704	Unoccupied	-37.8200199788807	144.943159961508	2019-01-10 05:19:30
4251	C6834	Unoccupied	-37.8093285370915	144.955650513344	2019-01-10 05:19:30
6378	13627W	Unoccupied	-37.8194332306218	144.944416061329	2019-01-10 05:19:30
3194	5428E	Unoccupied	-37.8080800445823	144.95485497778	2019-01-10 05:19:30
737	626E	Unoccupied	-37.8084264011499	144.96901530504	2019-01-10 05:19:30
6835	14030E	Present	-37.7969138022098	144.958113115153	2019-01-10 05:19:30
6326	13470E	Unoccupied	-37.8186802906899	144.949796245089	2019-01-10 05:19:30
6140	C13664	Unoccupied	-37.8199281847088	144.943475598232	2019-01-10 05:19:30
3255	5808E	Unoccupied	-37.8070370282683	144.953473382634	2019-01-10 05:19:30
6247	13312N	Unoccupied	-37.8222405656813	144.946761080466	2019-01-10 05:19:30
1738	2345S	Unoccupied	-37.8119594514238	144.971258711405	2019-01-10 05:19:30
2658	10164E	Unoccupied	-37.8045218795316	144.949459816281	2019-01-10 05:19:30
4758	8810E	Unoccupied	-37.8228258998453	144.966719956653	2019-01-10 05:19:30
1956	3327S	Present	-37.8088382975781	144.970306301382	2019-01-10 05:19:30
4296	C6928	Unoccupied	-37.8093982540188	144.956050908598	2019-01-10 05:19:30
5256	11537S	Present	-37.8120533053435	144.951336084266	2019-01-10 05:19:30
6091	13249S	Unoccupied	-37.8200973250467	144.943213348674	2019-01-10 05:19:30
2240	3928N	Present	-37.8121764915996	144.954693087978	2019-01-10 05:19:30
6465	13817S	Unoccupied	-37.8151080941709	144.937194780913	2019-01-10 05:19:30
6211	13300E	Unoccupied	-37.820242274668	144.947316446908	2019-01-10 05:19:30
4330	C6998	Unoccupied	-37.8092296867753	144.956223081322	2019-01-10 05:19:30
6474	13808N	Unoccupied	-37.8142299669669	144.938832687642	2019-01-10 05:19:30
6541	13743W	Unoccupied	-37.8135905022211	144.939329689686	2019-01-10 05:19:30
1741	2350N	Present	-37.8119034674026	144.970898494058	2019-01-10 05:19:30
4288	C6912	Unoccupied	-37.8091821437987	144.955824122037	2019-01-10 05:19:30
1275	4467W	Unoccupied	-37.8133285647372	144.954193951232	2019-01-10 05:19:30
4377	C7188	Unoccupied	-37.807519164127	144.953002530821	2019-01-10 05:19:30
6578	13852N	Unoccupied	-37.8125448057346	144.940594901012	2019-01-10 05:19:30
2922	4897W	Unoccupied	-37.8082844319604	144.957741558391	2019-01-10 05:19:30
6228	13334E	Unoccupied	-37.8166819126868	144.945793792342	2019-01-10 05:19:30
3937	C5790	Unoccupied	-37.8040852089989	144.955467308232	2019-01-10 05:19:30
5604	12227S	Unoccupied	-37.8094771012429	144.974194213368	2019-01-10 05:19:30
6178	13246N	Unoccupied	-37.8196506150323	144.944122669841	2019-01-10 05:19:30
3404	6253S	Unoccupied	-37.8076803839139	144.966405046113	2019-01-10 05:19:30
5858	C9134	Unoccupied	-37.79841449252	144.964864543565	2019-01-10 05:19:30
4814	9190N	Unoccupied	-37.8310703426237	144.967049531087	2019-01-10 05:19:30
5099	9897S	Unoccupied	-37.8256468273942	144.968671963041	2019-01-10 05:19:30
6273	13349W	Unoccupied	-37.8194825242137	144.94842356924	2019-01-10 05:19:30
1287	4479W	Unoccupied	-37.8129573468829	144.95402114694	2019-01-10 05:19:30
4746	8706E	Unoccupied	-37.8249577562354	144.963395989727	2019-01-10 05:19:30
2655	10159W	Present	-37.8046539290208	144.949247549477	2019-01-10 05:19:30
3161	5353W	Unoccupied	-37.810139380104	144.955546543996	2019-01-10 05:19:30
6622	13876N	Unoccupied	-37.8139242282394	144.941894676124	2019-01-10 05:19:30
2255	3951S	Unoccupied	-37.8126718212313	144.953433423428	2019-01-10 05:19:30
675	253W	Unoccupied	-37.8154463360107	144.971998599984	2019-01-10 05:19:30
4749	8710E	Unoccupied	-37.824918123825	144.96344247275	2019-01-10 05:19:30
3874	C5644	Unoccupied	-37.8067938636555	144.95498609482	2019-01-10 05:19:30
6060	13042N	Unoccupied	-37.8211106734601	144.943658369316	2019-01-10 05:19:30
6302	13361W	Unoccupied	-37.8190899247857	144.949314936654	2019-01-10 05:19:30
6237	13352E	Unoccupied	-37.8156763899618	144.945350593345	2019-01-10 05:19:30
3864	C5624	Unoccupied	-37.807091068791	144.954933146833	2019-01-10 05:19:30
1277	4469W	Unoccupied	-37.8132780594764	144.954170472605	2019-01-10 05:19:30
6609	13847S	Unoccupied	-37.8143822946283	144.940864125618	2019-01-10 05:19:30
6921	10053S	Unoccupied	-37.8219562515103	144.963141326842	2019-01-10 05:19:30
2238	3926N	Unoccupied	-37.8121582157551	144.954757303145	2019-01-10 05:19:30
6177	13244N	Unoccupied	-37.8196324953717	144.94418446205	2019-01-10 05:19:30
6083	13231S	Unoccupied	-37.8194601012332	144.945413967955	2019-01-10 05:19:30
3945	C5858	Unoccupied	-37.8053106939204	144.953746534945	2019-01-10 05:19:30
4275	C6886	Unoccupied	-37.8093313702118	144.955859165913	2019-01-10 05:19:30
6544	13749W	Unoccupied	-37.8134395026589	144.939238162105	2019-01-10 05:19:30
6589	13787W	Unoccupied	-37.813174681245	144.940706045852	2019-01-10 05:19:30
6208	13278N	Unoccupied	-37.8148235873751	144.945331375444	2019-01-10 05:19:30
5875	C9202	Unoccupied	-37.7984848064673	144.96551685132	2019-01-10 05:19:30
4032	C6102	Unoccupied	-37.8047799502402	144.952329727167	2019-01-10 05:19:30
5172	11605S	Unoccupied	-37.8108419407786	144.951499997538	2019-01-10 05:19:30
3398	6239W	Unoccupied	-37.8058740104101	144.950787567125	2019-01-10 05:19:30
1067	C1032	Present	-37.8182141719202	144.962175902791	2019-01-10 05:19:30
4855	9258N	Unoccupied	-37.828873524092	144.970260295442	2019-01-10 05:19:30
4842	9242N	Unoccupied	-37.8287572933376	144.970660218547	2019-01-10 05:19:30
940	C762	Unoccupied	-37.8132727652868	144.968313659813	2019-01-10 05:19:30
7057	4688Ea	Unoccupied	-37.8049440298031	144.95916129134	2019-01-10 05:19:30
933	C740	Present	-37.813485010719	144.968411389447	2019-01-10 05:19:30
1732	2339S	Present	-37.8119049138685	144.971445181991	2019-01-10 05:19:30
5042	9521S	Unoccupied	-37.8284232575754	144.96621566316	2019-01-10 05:19:30
2328	2899S	Unoccupied	-37.8112266003791	144.966185885159	2019-01-10 05:19:30
1657	2149S	Unoccupied	-37.8128656811105	144.971733858928	2019-01-10 05:19:30
886	797W	Unoccupied	-37.8113340828665	144.967299941516	2019-01-10 05:19:30
2305	2841S	Unoccupied	-37.8105815868242	144.968404871673	2019-01-10 05:19:30
5097	9895S	Unoccupied	-37.8256282987602	144.968735607746	2019-01-10 05:19:30
567	101W	Unoccupied	-37.80825367414	144.971484850868	2019-01-10 05:19:30
4293	C6922	Unoccupied	-37.8094129408253	144.955984688448	2019-01-10 05:19:30
1260	4450E	Unoccupied	-37.8139773545084	144.954746782732	2019-01-10 05:19:30
2250	3942N	Unoccupied	-37.8123036347761	144.954243901498	2019-01-10 05:19:30
6036	13083S	Present	-37.8211347906524	144.943016615177	2019-01-10 05:19:30
5143	9956N	Unoccupied	-37.8259368709875	144.967327392992	2019-01-10 05:19:30
6223	13324E	Unoccupied	-37.8181375879731	144.946436556253	2019-01-10 05:19:30
573	110E	Unoccupied	-37.8085342546119	144.971864117348	2019-01-10 05:19:30
6172	13234N	Unoccupied	-37.8194261134913	144.944903428799	2019-01-10 05:19:30
2652	10153W	Unoccupied	-37.8048179331024	144.949217726514	2019-01-10 05:19:30
4295	C6926	Unoccupied	-37.8093928985384	144.955988424649	2019-01-10 05:19:30
4843	9243S	Unoccupied	-37.8288714944261	144.970692981891	2019-01-10 05:19:30
2685	10194E	Unoccupied	-37.8036858149116	144.949606408277	2019-01-10 05:19:30
6657	13396E	Unoccupied	-37.8198279613976	144.948650638178	2019-01-10 05:19:30
6521	13756E	Unoccupied	-37.8126097957168	144.936435684736	2019-01-10 05:19:30
2915	4887W	Unoccupied	-37.8084068320002	144.95771997363	2019-01-10 05:19:30
6750	6631S	Unoccupied	-37.8085777019268	144.959344552192	2019-01-10 05:19:30
6255	13414E	Unoccupied	-37.8194046876475	144.947559149059	2019-01-10 05:19:30
6035	13081S	Unoccupied	-37.8211529045004	144.943092328833	2019-01-10 05:19:30
4701	8647W	Present	-37.8256005281521	144.96244227055	2019-01-10 05:19:30
6290	13458E	Present	-37.8199384344931	144.948654548858	2019-01-10 05:19:30
767	C312	Unoccupied	-37.8146681685128	144.971758783349	2019-01-10 05:19:30
1753	2374N	Present	-37.8121937755582	144.969907828511	2019-01-10 05:19:30
6194	13301W	Unoccupied	-37.8207485101449	144.947264008205	2019-01-10 05:19:30
1270	4462E	Unoccupied	-37.8137033540771	144.954619168333	2019-01-10 05:19:30
1274	4466E	Unoccupied	-37.8136016191082	144.954572248542	2019-01-10 05:19:30
2663	10170E	Unoccupied	-37.8043582213177	144.949488538587	2019-01-10 05:19:30
2246	3934N	Unoccupied	-37.8122309187384	144.954500601193	2019-01-10 05:19:30
2145	3759S	Unoccupied	-37.8100417668816	144.962542317422	2019-01-10 05:19:30
6922	10055S	Present	-37.8219088546103	144.963099291848	2019-01-10 05:19:30
878	779W	Present	-37.8121666626912	144.967682324564	2019-01-10 05:19:30
3490	6573S	Present	-37.8083556897334	144.960115772946	2019-01-10 05:19:30
6256	13416E	Unoccupied	-37.819739471279	144.94791536302	2019-01-10 05:19:30
4173	C6606	Unoccupied	-37.8083810341453	144.959682169363	2019-01-10 05:19:30
627	86E	Unoccupied	-37.8089005406614	144.972032174831	2019-01-10 05:19:30
2900	4860E	Unoccupied	-37.8094735769882	144.95830209015	2019-01-10 05:19:30
6710	669W	Present	-37.8143604445821	144.968690045511	2019-01-10 05:19:30
6486	13829S	Present	-37.815560654147	144.937489793237	2019-01-10 05:19:30
4349	C7114	Unoccupied	-37.8080281251508	144.954098218799	2019-01-10 05:19:30
5909	C9076	Unoccupied	-37.8029428008793	144.967669923687	2019-01-10 05:19:30
6386	13635W	Unoccupied	-37.8201266583491	144.944362971008	2019-01-10 05:19:30
4050	C6138	Unoccupied	-37.8042924114343	144.952415805083	2019-01-10 05:19:30
3900	C5712	Unoccupied	-37.8054259520333	144.955226275887	2019-01-10 05:19:30
4698	8644E	Unoccupied	-37.8255957061598	144.962644638376	2019-01-10 05:19:30
2736	4390E	Unoccupied	-37.8086227193948	144.960683718178	2019-01-10 05:19:30
2318	2861S	Unoccupied	-37.8108096450169	144.967633211193	2019-01-10 05:19:30
1472	1777S	Unoccupied	-37.8167752521678	144.966022014057	2019-01-10 05:19:30
2419	C2660	Present	-37.8096589103474	144.971218187178	2019-01-10 05:19:30
1298	1289W	Unoccupied	-37.8190100512801	144.959611090549	2019-01-10 05:19:30
811	C500	Unoccupied	-37.8106499002644	144.969912184163	2019-01-10 05:19:30
1836	2517S	Unoccupied	-37.8110023069016	144.970517931822	2019-01-10 05:19:30
6572	13840N	Present	-37.8127184772563	144.940138261603	2019-01-10 05:19:30
6017	13033S	Present	-37.8205735542235	144.949260602868	2019-01-10 05:19:30
5226	11506N	Unoccupied	-37.811596248326	144.952536768805	2019-01-10 05:19:30
6443	13576E	Present	-37.8204818032499	144.943004246707	2019-01-10 05:19:30
6604	13837S	Present	-37.8146551685596	144.940256939858	2019-01-10 05:19:30
1283	4475W	Unoccupied	-37.8131292454894	144.954101230913	2019-01-10 05:19:30
6375	13608E	Unoccupied	-37.8202604813498	144.943981062007	2019-01-10 05:19:30
5245	11515S	Unoccupied	-37.8117712224043	144.952334140259	2019-01-10 05:19:30
6644	13616E	Unoccupied	-37.8195789827576	144.943701444176	2019-01-10 05:19:30
3636	7588N	Unoccupied	-37.8055761529542	144.954086665982	2019-01-10 05:19:30
5375	11724E	Unoccupied	-37.8099196278774	144.972980123828	2019-01-10 05:19:30
7060	4694Ea	Unoccupied	-37.804791726564	144.959091047018	2019-01-10 05:19:30
6869	14098E	Unoccupied	-37.7947111211993	144.958385219225	2019-01-10 05:19:30
6743	6583S	Unoccupied	-37.80842098835	144.959890040425	2019-01-10 05:19:30
6445	13580E	Present	-37.8203236308073	144.942929427762	2019-01-10 05:19:30
6581	13858N	Present	-37.8124560083841	144.940828105688	2019-01-10 05:19:30
6082	13229S	Unoccupied	-37.8194416321258	144.94547769472	2019-01-10 05:19:30
2751	4588E	Unoccupied	-37.8075090830417	144.965901510036	2019-01-10 05:19:30
3544	7064N	Unoccupied	-37.8085944074557	144.954364848642	2019-01-10 05:19:30
6374	13606E	Unoccupied	-37.8203114782633	144.944003666629	2019-01-10 05:19:30
6568	13832N	Unoccupied	-37.8130228489317	144.939333650394	2019-01-10 05:19:30
5373	11720E	Unoccupied	-37.8100258307842	144.972966327876	2019-01-10 05:19:30
6876	14112E	Unoccupied	-37.7943164860795	144.958430978085	2019-01-10 05:19:30
1835	2515S	Present	-37.8109844183705	144.970580100706	2019-01-10 05:19:30
5385	11707W	Unoccupied	-37.810044721261	144.972727472872	2019-01-10 05:19:30
718	549W	Unoccupied	-37.8095790527543	144.969298008192	2019-01-10 05:19:30
1961	3341S	Unoccupied	-37.8089758017606	144.969833036601	2019-01-10 05:19:30
5227	11508N	Present	-37.8116334093393	144.952405576206	2019-01-10 05:19:30
6023	13045S	Unoccupied	-37.821284094131	144.946803336513	2019-01-10 05:19:30
2628	2862N	Unoccupied	-37.8105712274201	144.967770438425	2019-01-10 05:19:30
6649	13626E	Unoccupied	-37.8193175321188	144.943581494484	2019-01-10 05:19:30
866	694E	Unoccupied	-37.8140474160195	144.968795074874	2019-01-10 05:19:30
884	793W	Present	-37.8114407102741	144.96734907583	2019-01-10 05:19:30
6611	13851S	Unoccupied	-37.8143324337741	144.94099267002	2019-01-10 05:19:30
2235	3920N	Present	-37.812103818146	144.954949759001	2019-01-10 05:19:30
1276	4468E	Present	-37.8135550630492	144.954550772006	2019-01-10 05:19:30
2691	10200E	Unoccupied	-37.8035287819661	144.949634067707	2019-01-10 05:19:30
4058	C6154	Unoccupied	-37.8040168451065	144.952464245346	2019-01-10 05:19:30
2659	10166E	Unoccupied	-37.8044705731889	144.949468830848	2019-01-10 05:19:30
687	350E	Unoccupied	-37.8137089609657	144.971443039453	2019-01-10 05:19:30
1005	949W	Present	-37.8131043769357	144.962531104303	2019-01-10 05:19:30
5039	9516N	Unoccupied	-37.8283423706604	144.966242168389	2019-01-10 05:19:30
5205	C8062	Present	-37.8107265569101	144.951567961818	2019-01-10 05:19:30
5154	9978N	Unoccupied	-37.8260468602455	144.96694950597	2019-01-10 05:19:30
4562	8003W	Unoccupied	-37.8301254769101	144.969204457652	2019-01-10 05:19:30
3768	C4880	Unoccupied	-37.8083804736938	144.957835596783	2019-01-10 05:19:30
1058	998E	Unoccupied	-37.8184125212478	144.962392437062	2019-01-10 05:19:30
1473	1785S	Unoccupied	-37.8173560104678	144.964028183858	2019-01-10 05:19:30
3549	7071S	Unoccupied	-37.8088051007148	144.954158721143	2019-01-10 05:19:30
1057	994E	Unoccupied	-37.8184633486809	144.96241564996	2019-01-10 05:19:30
4209	C6714	Present	-37.8088135519966	144.958189688625	2019-01-10 05:19:30
724	558E	Present	-37.8093890999736	144.969453493912	2019-01-10 05:19:30
3725	7739S	Unoccupied	-37.8032474589864	144.95052815099	2019-01-10 05:19:30
3629	7578N	Unoccupied	-37.805621568294	144.954490387604	2019-01-10 05:19:30
4323	C6984	Unoccupied	-37.8092967725311	144.956272888063	2019-01-10 05:19:30
4205	C6702	Present	-37.8087795417706	144.958306755634	2019-01-10 05:19:30
6468	13823S	Present	-37.8151865725674	144.936993090688	2019-01-10 05:19:30
2252	3945S	Unoccupied	-37.8126186291743	144.953621601897	2019-01-10 05:19:30
4919	9341S	Unoccupied	-37.8295787550961	144.968267198149	2019-01-10 05:19:30
6105	C13516	Present	-37.8192555952774	144.94580653889	2019-01-10 05:19:30
3720	7723S	Unoccupied	-37.8035218105371	144.952978761207	2019-01-10 05:19:30
5234	11522N	Unoccupied	-37.8118461110346	144.951652640993	2019-01-10 05:19:30
5253	11531S	Present	-37.8119677578877	144.951638904359	2019-01-10 05:19:30
6067	13056N	Unoccupied	-37.8209373578505	144.942934968744	2019-01-10 05:19:30
4853	9256N	Unoccupied	-37.8288629271183	144.970296778059	2019-01-10 05:19:30
6231	13340E	Unoccupied	-37.8165139841768	144.945719636965	2019-01-10 05:19:30
5354	8889W	Present	-37.8248698182552	144.961207679483	2019-01-10 05:19:30
5363	11700E	Unoccupied	-37.8106831890497	144.972961470688	2019-01-10 05:19:30
6019	13037S	Unoccupied	-37.8212013977591	144.947089794793	2019-01-10 05:19:30
2237	3924N	Unoccupied	-37.8121401560854	144.954821427737	2019-01-10 05:19:30
6132	C13632	Unoccupied	-37.8196817684759	144.944330353274	2019-01-10 05:19:30
604	53W	Unoccupied	-37.8109846657938	144.972766358601	2019-01-10 05:19:30
2251	3944N	Unoccupied	-37.8123217648013	144.95417995459	2019-01-10 05:19:30
2262	3959S	Unoccupied	-37.8127449750868	144.953174613344	2019-01-10 05:19:30
3263	5818E	Unoccupied	-37.8069210755385	144.953494210399	2019-01-10 05:19:30
3882	C5660	Unoccupied	-37.8065673097227	144.955026586815	2019-01-10 05:19:30
3556	7082N	Unoccupied	-37.8087937680656	144.953677150582	2019-01-10 05:19:30
1285	4477W	Unoccupied	-37.8130808767504	144.954078739502	2019-01-10 05:19:30
3113	5270E	Unoccupied	-37.8046809141937	144.957414340674	2019-01-10 05:19:30
6582	13860N	Unoccupied	-37.8124309153845	144.940894228689	2019-01-10 05:19:30
6123	C13596	Unoccupied	-37.8195371775157	144.944832602833	2019-01-10 05:19:30
1266	4458E	Unoccupied	-37.8138045288919	144.954666292381	2019-01-10 05:19:30
2686	10195W	Unoccupied	-37.8036643769887	144.949420151035	2019-01-10 05:19:30
1264	4456E	Unoccupied	-37.8138551724101	144.954689971041	2019-01-10 05:19:30
1272	4464E	Unoccupied	-37.813652611369	144.954595760122	2019-01-10 05:19:30
6305	13367W	Unoccupied	-37.8195693474217	144.949693011512	2019-01-10 05:19:30
6381	13632E	Unoccupied	-37.8190333309614	144.944315057471	2019-01-10 05:19:30
3907	C5728	Unoccupied	-37.8051771937768	144.95527099168	2019-01-10 05:19:30
6405	13646E	Unoccupied	-37.8205976189838	144.945560420164	2019-01-10 05:19:30
6661	8467W	Unoccupied	-37.8255073722559	144.966651623673	2019-01-10 05:19:30
3397	6237W	Present	-37.8058952073043	144.950797219631	2019-01-10 05:19:30
1495	1847S	Unoccupied	-37.8188174912883	144.959280180719	2019-01-10 05:19:30
5206	C8064	Unoccupied	-37.8107349148187	144.951537734269	2019-01-10 05:19:30
1291	4483W	Unoccupied	-37.8128580262132	144.953974863002	2019-01-10 05:19:30
5372	11718E	Unoccupied	-37.8100806437194	144.972959458947	2019-01-10 05:19:30
5225	11504N	Present	-37.8115789184132	144.952598129428	2019-01-10 05:19:30
6897	14241W	Unoccupied	-37.7951935080067	144.964799001101	2019-01-10 05:19:30
2230	3914N	Unoccupied	-37.8120493166707	144.955142352685	2019-01-10 05:19:30
1011	957W	Unoccupied	-37.8120766318592	144.962057056617	2019-01-10 05:19:30
3268	5826E	Unoccupied	-37.8067608816899	144.95352194149	2019-01-10 05:19:30
3269	5828E	Unoccupied	-37.8067376830575	144.953526033758	2019-01-10 05:19:30
712	486E	Unoccupied	-37.8107116415979	144.970065272706	2019-01-10 05:19:30
3887	C5674	Unoccupied	-37.806420036641	144.955052909032	2019-01-10 05:19:30
3360	6055W	Unoccupied	-37.8060667859331	144.951984373738	2019-01-10 05:19:30
6126	C13608	Unoccupied	-37.8195646307662	144.94473774155	2019-01-10 05:19:30
6111	C13540	Unoccupied	-37.8193171660816	144.945593388719	2019-01-10 05:19:30
1304	1295W	Unoccupied	-37.8184560545028	144.95935770486	2019-01-10 05:19:30
673	D7W	Unoccupied	-37.8091888179715	144.97191773205	2019-01-10 05:19:30
3580	7129S	Unoccupied	-37.808402507551	144.952984727851	2019-01-10 05:19:30
6064	13050N	Present	-37.821048650709	144.943399490996	2019-01-10 05:19:30
3005	5064E	Unoccupied	-37.8050896815074	144.958037438237	2019-01-10 05:19:30
3591	7325W	Unoccupied	-37.8056366784245	144.949241926934	2019-01-10 05:19:30
605	55W	Unoccupied	-37.8109334768381	144.972744464408	2019-01-10 05:19:30
3765	C4874	Unoccupied	-37.8085394355511	144.957808203476	2019-01-10 05:19:30
5383	11703W	Unoccupied	-37.8101521982094	144.972711369128	2019-01-10 05:19:30
1268	4460E	Unoccupied	-37.813753941771	144.954642672151	2019-01-10 05:19:30
4972	9401S	Unoccupied	-37.8298811598068	144.96722509482	2019-01-10 05:19:30
6701	C154	Unoccupied	-37.808521693038	144.971735837767	2019-01-10 05:19:30
3217	5522E	Unoccupied	-37.8067736941631	144.954257776706	2019-01-10 05:19:30
6747	6625S	Unoccupied	-37.8085200946524	144.959544637969	2019-01-10 05:19:30
3493	6580N	Present	-37.8082412730536	144.959823225119	2019-01-10 05:19:30
4847	9247S	Unoccupied	-37.8288934166752	144.970617397797	2019-01-10 05:19:30
4995	9427S	Unoccupied	-37.8301415097347	144.96632354353	2019-01-10 05:19:30
4960	9389S	Present	-37.8298240825726	144.967421976463	2019-01-10 05:19:30
6394	13644E	Unoccupied	-37.8200440102197	144.944425999963	2019-01-10 05:19:30
4974	9403S	Present	-37.8298905161469	144.967192781616	2019-01-10 05:19:30
2412	C2646	Unoccupied	-37.8095847653109	144.971471181057	2019-01-10 05:19:30
3673	7632N	Unoccupied	-37.8049688034327	144.948585057406	2019-01-10 05:19:30
4962	9391S	Unoccupied	-37.8298334065373	144.967389924951	2019-01-10 05:19:30
2907	4875W	Unoccupied	-37.8085459942302	144.957695181011	2019-01-10 05:19:30
3925	C5766	Unoccupied	-37.8044701282477	144.955398114856	2019-01-10 05:19:30
2415	C2652	Unoccupied	-37.8096179060715	144.97135797949	2019-01-10 05:19:30
6519	13752E	Unoccupied	-37.8127084684337	144.936495424123	2019-01-10 05:19:30
5043	9523S	Unoccupied	-37.8284169583608	144.966182355025	2019-01-10 05:19:30
6642	13625W	Unoccupied	-37.8193422321466	144.943431025393	2019-01-10 05:19:30
3539	7041S	Unoccupied	-37.8076419329875	144.958269107716	2019-01-10 05:19:30
639	C100	Unoccupied	-37.8088965609683	144.971907927928	2019-01-10 05:19:30
4002	C6040	Unoccupied	-37.8061465456136	144.952088668444	2019-01-10 05:19:30
3721	7724N	Unoccupied	-37.8032479182616	144.952209791086	2019-01-10 05:19:30
4020	C6078	Present	-37.8051189574006	144.952268958752	2019-01-10 05:19:30
4003	C6042	Present	-37.8061233546293	144.952092831316	2019-01-10 05:19:30
1978	3388N	Unoccupied	-37.8099402114125	144.966355081695	2019-01-10 05:19:30
4382	C7198	Unoccupied	-37.8075951325798	144.952846070594	2019-01-10 05:19:30
4041	C6120	Unoccupied	-37.8045623214669	144.952368364627	2019-01-10 05:19:30
4378	C7190	Unoccupied	-37.8075321110126	144.952975867741	2019-01-10 05:19:30
6472	13804N	Unoccupied	-37.8138375264633	144.940010022324	2019-01-10 05:19:30
4277	C6890	Unoccupied	-37.8093104950936	144.955862967117	2019-01-10 05:19:30
3533	7027S	Unoccupied	-37.8075135500199	144.958712175243	2019-01-10 05:19:30
4269	C6872	Unoccupied	-37.8093885861746	144.955785434163	2019-01-10 05:19:30
4396	C7226	Unoccupied	-37.8078196782468	144.952383630162	2019-01-10 05:19:30
4395	C7224	Unoccupied	-37.807806599248	144.952410565701	2019-01-10 05:19:30
6656	13398E	Unoccupied	-37.819882105135	144.948652727827	2019-01-10 05:19:30
4388	C7210	Unoccupied	-37.8076816414327	144.952667863984	2019-01-10 05:19:30
3562	7088N	Unoccupied	-37.8088521750717	144.953473297405	2019-01-10 05:19:30
655	C164	Unoccupied	-37.8082781629996	144.971623831196	2019-01-10 05:19:30
685	342E	Unoccupied	-37.8142866342606	144.971708774815	2019-01-10 05:19:30
4429	C7698	Unoccupied	-37.8036357203698	144.954840990196	2019-01-10 05:19:30
4345	C7044	Unoccupied	-37.8075106059377	144.958397698115	2019-01-10 05:19:30
3628	7577S	Unoccupied	-37.8058291849574	144.954685539929	2019-01-10 05:19:30
6573	13842N	Present	-37.8126841771462	144.940229602758	2019-01-10 05:19:30
1315	1315W	Unoccupied	-37.8170760143034	144.958730444315	2019-01-10 05:19:30
1658	2151S	Present	-37.8128840549329	144.971670985077	2019-01-10 05:19:30
6246	13310N	Unoccupied	-37.8222546822899	144.946848500303	2019-01-10 05:19:30
775	C344	Unoccupied	-37.8143668191764	144.971618797989	2019-01-10 05:19:30
751	C244	Unoccupied	-37.8154564460866	144.972125069352	2019-01-10 05:19:30
5155	9980N	Unoccupied	-37.8260543380595	144.966923663078	2019-01-10 05:19:30
6867	14094E	Unoccupied	-37.7949085973455	144.958360327735	2019-01-10 05:19:30
6861	14082E	Unoccupied	-37.7952529220655	144.958318364454	2019-01-10 05:19:30
4966	9395S	Present	-37.8298528366332	144.967322897477	2019-01-10 05:19:30
6620	13872N	Unoccupied	-37.8139736900762	144.941764056711	2019-01-10 05:19:30
6254	13412E	Unoccupied	-37.8193605711944	144.947512039922	2019-01-10 05:19:30
3915	C5744	Unoccupied	-37.8048519669553	144.955329452586	2019-01-10 05:19:30
4401	C7236	Unoccupied	-37.8078996783201	144.952218865524	2019-01-10 05:19:30
2928	4905W	Unoccupied	-37.8081861641557	144.957758887188	2019-01-10 05:19:30
2294	2702N	Present	-37.8098146514551	144.970347317976	2019-01-10 05:19:30
6423	13673W	Unoccupied	-37.8210766782492	144.946243788539	2019-01-10 05:19:30
6213	13304E	Unoccupied	-37.8200892803738	144.947256952756	2019-01-10 05:19:30
6841	14042E	Unoccupied	-37.7966081043907	144.958150797767	2019-01-10 05:19:30
3040	5143W	Unoccupied	-37.8029547334781	144.956924389579	2019-01-10 05:19:30
3635	7586N	Unoccupied	-37.8055841713032	144.9541579504	2019-01-10 05:19:30
4040	C6118	Unoccupied	-37.8045859246666	144.952364204975	2019-01-10 05:19:30
4867	9272N	Unoccupied	-37.8289471942846	144.970006927037	2019-01-10 05:19:30
764	C300	Unoccupied	-37.8147590337231	144.971800564469	2019-01-10 05:19:30
4307	C6950	Unoccupied	-37.8092704119896	144.956011080495	2019-01-10 05:19:30
6840	14040E	Present	-37.7966585165091	144.958144570901	2019-01-10 05:19:30
6675	8620E	Present	-37.8258278562377	144.962367444954	2019-01-10 05:19:30
4717	8665W	Unoccupied	-37.8254204721344	144.962653510524	2019-01-10 05:19:30
3494	6584N	Unoccupied	-37.8082598413809	144.959758939706	2019-01-10 05:19:30
3860	C5616	Unoccupied	-37.8072148168433	144.954910859048	2019-01-10 05:19:30
4794	9102N	Unoccupied	-37.8299723449573	144.970787615334	2019-01-10 05:19:30
6324	13405W	Unoccupied	-37.8214602735215	144.951182406978	2019-01-10 05:19:30
6109	C13532	Unoccupied	-37.819298252293	144.945658933919	2019-01-10 05:19:30
4651	8468E	Unoccupied	-37.8254413305533	144.966867284675	2019-01-10 05:19:30
6235	13348E	Unoccupied	-37.8157896798828	144.94540062733	2019-01-10 05:19:30
5114	9920N	Unoccupied	-37.8255938986296	144.968483957125	2019-01-10 05:19:30
864	686E	Unoccupied	-37.8141439511035	144.968839306043	2019-01-10 05:19:30
2643	10117W	Unoccupied	-37.8033102367122	144.947953521919	2019-01-10 05:19:30
2929	4907W	Present	-37.8081619079344	144.957763165228	2019-01-10 05:19:30
2732	4382E	Unoccupied	-37.808914314432	144.960820236298	2019-01-10 05:19:30
3279	5840E	Unoccupied	-37.8065984896823	144.953550583292	2019-01-10 05:19:30
6409	13654E	Unoccupied	-37.8203090114258	144.945486477846	2019-01-10 05:19:30
5117	9926N	Unoccupied	-37.8256180795787	144.968401495684	2019-01-10 05:19:30
2726	4369W	Unoccupied	-37.8097761963842	144.961002694663	2019-01-10 05:19:30
5112	9916N	Unoccupied	-37.8255778448025	144.968539347909	2019-01-10 05:19:30
4119	C6400	Unoccupied	-37.8037500501615	144.95100527683	2019-01-10 05:19:30
4036	C6110	Unoccupied	-37.8046859282268	144.952346434277	2019-01-10 05:19:30
985	914E	Present	-37.8167530877809	144.964410382387	2019-01-10 05:19:30
952	C814	Unoccupied	-37.8113301700185	144.967422837133	2019-01-10 05:19:30
887	812E	Present	-37.8112971656796	144.967533265108	2019-01-10 05:19:30
3364	6171W	Unoccupied	-37.8042641506009	144.943140652496	2019-01-10 05:19:30
3283	5848E	Unoccupied	-37.8065017337321	144.953567638181	2019-01-10 05:19:30
1749	2367S	Present	-37.8123574952775	144.969896726335	2019-01-10 05:19:30
3284	5850E	Unoccupied	-37.8064705602948	144.953573145895	2019-01-10 05:19:30
5923	12810N	Unoccupied	-37.8028244374073	144.967479209135	2019-01-10 05:19:30
3208	5472E	Unoccupied	-37.8073150067926	144.954504702258	2019-01-10 05:19:30
6085	13235S	Unoccupied	-37.819596595749	144.944941702896	2019-01-10 05:19:30
6871	14102E	Unoccupied	-37.7945980139526	144.958399094803	2019-01-10 05:19:30
3565	7091S	Unoccupied	-37.8090015381747	144.953475522814	2019-01-10 05:19:30
5367	11708E	Unoccupied	-37.8103788125147	144.972942173309	2019-01-10 05:19:30
3859	C5614	Unoccupied	-37.8072410232429	144.954906174773	2019-01-10 05:19:30
3982	C5932	Unoccupied	-37.8041993218842	144.953945000685	2019-01-10 05:19:30
5118	9928N	Unoccupied	-37.8256266992083	144.968373983652	2019-01-10 05:19:30
3694	7656N	Unoccupied	-37.8049784678983	144.956914516136	2019-01-10 05:19:30
6489	13835S	Present	-37.8156659022659	144.937213212588	2019-01-10 05:19:30
5309	7805W	Unoccupied	-37.829668452782	144.971035015364	2019-01-10 05:19:30
6244	13303S	Present	-37.8223306665962	144.946786142474	2019-01-10 05:19:30
6757	13097W	Unoccupied	-37.8210651457893	144.944251097727	2019-01-10 05:19:30
5258	4515W	Unoccupied	-37.8112002959255	144.953210031749	2019-01-10 05:19:30
6298	13275S	Unoccupied	-37.8195258954837	144.949399113538	2019-01-10 05:19:30
6214	13306E	Unoccupied	-37.8199990219553	144.947216109608	2019-01-10 05:19:30
4101	C6340	Unoccupied	-37.8043115216118	144.950905814689	2019-01-10 05:19:30
5348	8877W	Present	-37.8253176720879	144.960680724662	2019-01-10 05:19:30
3959	C5886	Unoccupied	-37.8049778749656	144.953805949903	2019-01-10 05:19:30
1745	2359S	Present	-37.8122837293122	144.970152774967	2019-01-10 05:19:30
3219	5530E	Unoccupied	-37.8066740039306	144.954212425172	2019-01-10 05:19:30
5098	9896N	Unoccupied	-37.8254974184751	144.968815039041	2019-01-10 05:19:30
2912	4883W	Unoccupied	-37.8084557163599	144.957711352812	2019-01-10 05:19:30
4325	C6988	Unoccupied	-37.8092768339134	144.956276395678	2019-01-10 05:19:30
4398	C7230	Unoccupied	-37.8078463477777	144.952328705018	2019-01-10 05:19:30
710	482E	Unoccupied	-37.8107602447693	144.97008763397	2019-01-10 05:19:30
801	C462	Unoccupied	-37.8116569626549	144.970371919499	2019-01-10 05:19:30
6522	13758E	Unoccupied	-37.8122989839956	144.936248681165	2019-01-10 05:19:30
4179	C6624	Present	-37.8084343337624	144.959498215908	2019-01-10 05:19:30
827	C564	Unoccupied	-37.8093907055255	144.969335084649	2019-01-10 05:19:30
4876	9290N	Unoccupied	-37.8290648119919	144.969602852064	2019-01-10 05:19:30
948	C798	Unoccupied	-37.8114254859246	144.967466288577	2019-01-10 05:19:30
4653	8473W	Unoccupied	-37.8253537486146	144.966698174947	2019-01-10 05:19:30
6431	13689W	Unoccupied	-37.8203283486603	144.946046428188	2019-01-10 05:19:30
4434	C7708	Unoccupied	-37.8036150997311	144.954654047725	2019-01-10 05:19:30
5304	9533S	Unoccupied	-37.8282289684025	144.965207223541	2019-01-10 05:19:30
6399	13651W	Unoccupied	-37.8203694167242	144.945405946982	2019-01-10 05:19:30
5134	9947S	Unoccupied	-37.8260623909877	144.967246358212	2019-01-10 05:19:30
5922	12809S	Unoccupied	-37.8029790181995	144.967149136568	2019-01-10 05:19:30
6196	13305W	Unoccupied	-37.8205896448284	144.947222524588	2019-01-10 05:19:30
6068	13201S	Present	-37.8186648099881	144.948191197216	2019-01-10 05:19:30
6377	13612E	Unoccupied	-37.8200963081703	144.943908867821	2019-01-10 05:19:30
5138	9951S	Unoccupied	-37.8260995563195	144.967119048435	2019-01-10 05:19:30
6660	13415W	Unoccupied	-37.8196613934909	144.949765581365	2019-01-10 05:19:30
5080	9866N	Unoccupied	-37.8252497056391	144.969662354482	2019-01-10 05:19:30
4308	C6952	Unoccupied	-37.8092757883083	144.956073460196	2019-01-10 05:19:30
1413	1607S	Unoccupied	-37.8163190817528	144.971656400524	2019-01-10 05:19:30
2934	4914E	Present	-37.8078452977567	144.958108732739	2019-01-10 05:19:30
3769	C4884	Present	-37.8083268737497	144.957844838515	2019-01-10 05:19:30
3946	C5860	Unoccupied	-37.8052857061709	144.953750998667	2019-01-10 05:19:30
6358	13518E	Unoccupied	-37.8215687074295	144.950441312739	2019-01-10 05:19:30
4273	C6882	Unoccupied	-37.8093516960226	144.955855241986	2019-01-10 05:19:30
4343	C7040	Present	-37.8074880040396	144.958475018985	2019-01-10 05:19:30
6632	13922E	Unoccupied	-37.8140246298342	144.942633925299	2019-01-10 05:19:30
753	C252	Unoccupied	-37.8154106957285	144.972104191493	2019-01-10 05:19:30
6063	13048N	Unoccupied	-37.8210637848665	144.943462655538	2019-01-10 05:19:30
6700	C150	Unoccupied	-37.8085662039952	144.971756240911	2019-01-10 05:19:30
5145	9960N	Unoccupied	-37.8259517860527	144.967275963837	2019-01-10 05:19:30
5156	9982N	Unoccupied	-37.8260622437844	144.96689826739	2019-01-10 05:19:30
5005	9437S	Unoccupied	-37.8301936425743	144.96614337816	2019-01-10 05:19:30
2313	2853S	Unoccupied	-37.8107326912424	144.967892827739	2019-01-10 05:19:30
4559	8000E	Unoccupied	-37.8302114209279	144.969364882652	2019-01-10 05:19:30
2422	C2672	Unoccupied	-37.8096843132132	144.971131143231	2019-01-10 05:19:30
4827	9218N	Unoccupied	-37.8312365610805	144.966481520872	2019-01-10 05:19:30
4397	C7228	Unoccupied	-37.8078328925172	144.952356415989	2019-01-10 05:19:30
3934	C5784	Unoccupied	-37.8041601314505	144.955453840296	2019-01-10 05:19:30
720	553W	Unoccupied	-37.8094774160968	144.969251406113	2019-01-10 05:19:30
3912	C5738	Unoccupied	-37.8050296743751	144.955297509288	2019-01-10 05:19:30
3606	7554N	Unoccupied	-37.8059835478737	144.958844619254	2019-01-10 05:19:30
3007	5068E	Unoccupied	-37.8050443288522	144.95801660851	2019-01-10 05:19:30
4183	C6636	Unoccupied	-37.8084971697386	144.959281475535	2019-01-10 05:19:30
6275	13353W	Unoccupied	-37.8197395371209	144.948434088402	2019-01-10 05:19:30
5919	12806N	Unoccupied	-37.8028026254624	144.967281547555	2019-01-10 05:19:30
3960	C5888	Present	-37.8049547029459	144.953810070708	2019-01-10 05:19:30
2648	10122E	Unoccupied	-37.8031915171155	144.948209001216	2019-01-10 05:19:30
4126	C6414	Unoccupied	-37.8035878701845	144.95103430187	2019-01-10 05:19:30
4130	C6424	Unoccupied	-37.803496275234	144.951050595511	2019-01-10 05:19:30
4224	C6752	Unoccupied	-37.809377053738	144.957058528618	2019-01-10 05:19:30
6643	13614E	Present	-37.8196312732326	144.94372543967	2019-01-10 05:19:30
6419	13671W	Unoccupied	-37.8209978809911	144.945324218748	2019-01-10 05:19:30
4368	C7170	Unoccupied	-37.8072267504524	144.953603751699	2019-01-10 05:19:30
4366	C7166	Unoccupied	-37.8072009955786	144.953655531708	2019-01-10 05:19:30
3489	6571S	Unoccupied	-37.8083389222564	144.960174476195	2019-01-10 05:19:30
4265	C6862	Unoccupied	-37.8094556167693	144.955835691889	2019-01-10 05:19:30
6383	13629W	Unoccupied	-37.8203938341065	144.944485389748	2019-01-10 05:19:30
4270	C6876	Unoccupied	-37.8093681087718	144.955789352681	2019-01-10 05:19:30
3537	7037S	Unoccupied	-37.8076048172858	144.958396719009	2019-01-10 05:19:30
7062	4700Ea	Unoccupied	-37.8046311038253	144.959017296204	2019-01-10 05:19:30
815	C516	Unoccupied	-37.8105148915979	144.969850205511	2019-01-10 05:19:30
6148	C13696	Present	-37.8200038532053	144.943215411871	2019-01-10 05:19:30
2448	C2772	Unoccupied	-37.8102519177842	144.969180565277	2019-01-10 05:19:30
3622	7570N	Present	-37.8056518213384	144.954759349222	2019-01-10 05:19:30
706	452E	Unoccupied	-37.8116032759673	144.970471052113	2019-01-10 05:19:30
5093	9891S	Unoccupied	-37.8255909985233	144.968863733142	2019-01-10 05:19:30
4384	C7202	Unoccupied	-37.8076190664783	144.952796780118	2019-01-10 05:19:30
4320	C6978	Unoccupied	-37.8093314443997	144.956203538963	2019-01-10 05:19:30
6262	13428E	Unoccupied	-37.8199993586387	144.948191701524	2019-01-10 05:19:30
5882	12912N	Present	-37.7983854441993	144.965443835223	2019-01-10 05:19:30
6200	13313W	Unoccupied	-37.8202732328972	144.947128937193	2019-01-10 05:19:30
6646	13620E	Unoccupied	-37.8194743979932	144.943653449348	2019-01-10 05:19:30
6886	14219W	Unoccupied	-37.7959238239608	144.964674294436	2019-01-10 05:19:30
6222	13322E	Present	-37.8181906777075	144.946459953119	2019-01-10 05:19:30
4572	8013W	Unoccupied	-37.8297989760775	144.969053064942	2019-01-10 05:19:30
6055	13032N	Unoccupied	-37.8211888186411	144.943984549551	2019-01-10 05:19:30
4178	C6620	Present	-37.8084256814132	144.959528084058	2019-01-10 05:19:30
5853	C9114	Unoccupied	-37.7983982464037	144.964711240582	2019-01-10 05:19:30
2706	10338E	Unoccupied	-37.803428592843	144.943957105975	2019-01-10 05:19:30
2700	10330E	Unoccupied	-37.8031929643591	144.943999137726	2019-01-10 05:19:30
5128	9941S	Unoccupied	-37.8260066266036	144.967437916768	2019-01-10 05:19:30
1543	1914N	Unoccupied	-37.814503443495	144.969647954636	2019-01-10 05:19:30
3375	6193W	Unoccupied	-37.8065656135546	144.951102236952	2019-01-10 05:19:30
1752	2373S	Present	-37.8124149104541	144.969705547495	2019-01-10 05:19:30
6668	9369S	Unoccupied	-37.8297150731785	144.967797305655	2019-01-10 05:19:30
4033	C6104	Unoccupied	-37.8047565729778	144.952333881369	2019-01-10 05:19:30
6616	13861S	Present	-37.8139273550837	144.942057516456	2019-01-10 05:19:30
4329	C6996	Present	-37.8092340106536	144.956283910284	2019-01-10 05:19:30
6171	13232N	Unoccupied	-37.8194078760681	144.944966370474	2019-01-10 05:19:30
6114	C13552	Unoccupied	-37.8193518827687	144.945473048891	2019-01-10 05:19:30
652	C152	Unoccupied	-37.8085440211786	144.971746072578	2019-01-10 05:19:30
6413	13662E	Present	-37.8198059065098	144.945354742625	2019-01-10 05:19:30
6137	C13652	Unoccupied	-37.8197938491774	144.943945416867	2019-01-10 05:19:30
2910	4881W	Unoccupied	-37.808479593878	144.957707141231	2019-01-10 05:19:30
5013	9445S	Unoccupied	-37.8302359989101	144.965996996461	2019-01-10 05:19:30
6854	14068E	Unoccupied	-37.7958280016844	144.958250510072	2019-01-10 05:19:30
4301	C6938	Unoccupied	-37.8093302700963	144.956000019269	2019-01-10 05:19:30
6204	13321W	Unoccupied	-37.8199660663834	144.94700239317	2019-01-10 05:19:30
4326	C6990	Unoccupied	-37.8092721164084	144.956214978846	2019-01-10 05:19:30
6412	13660E	Unoccupied	-37.8198613724145	144.945369490594	2019-01-10 05:19:30
3476	6540N	Unoccupied	-37.8078202726774	144.961267498372	2019-01-10 05:19:30
5130	9943S	Unoccupied	-37.8260252510655	144.967373938734	2019-01-10 05:19:30
3252	5804E	Unoccupied	-37.8070834098104	144.953465051399	2019-01-10 05:19:30
5137	9950N	Unoccupied	-37.8259147369989	144.967403102245	2019-01-10 05:19:30
3551	7075S	Unoccupied	-37.808844568624	144.954021456042	2019-01-10 05:19:30
3251	5802E	Unoccupied	-37.8071062933522	144.953460886111	2019-01-10 05:19:30
3253	5806E	Unoccupied	-37.8070602188193	144.953469216734	2019-01-10 05:19:30
5263	4525W	Unoccupied	-37.810920607249	144.953079566796	2019-01-10 05:19:30
5332	7851W	Unoccupied	-37.8271465824066	144.971149186355	2019-01-10 05:19:30
2409	C2640	Unoccupied	-37.8095513861522	144.971585199532	2019-01-10 05:19:30
5262	4523W	Unoccupied	-37.8109738410407	144.953104401105	2019-01-10 05:19:30
5261	4521W	Unoccupied	-37.8110304532502	144.953130812418	2019-01-10 05:19:30
5265	4529W	Unoccupied	-37.8108137180657	144.953029700994	2019-01-10 05:19:30
4109	C6368	Unoccupied	-37.8041251710236	144.950938608154	2019-01-10 05:19:30
5266	4531W	Unoccupied	-37.8107452738912	144.952997773908	2019-01-10 05:19:30
911	C668	Unoccupied	-37.8144300714026	144.9688443057	2019-01-10 05:19:30
3348	6032E	Present	-37.8064844039073	144.952146429689	2019-01-10 05:19:30
3213	5514E	Unoccupied	-37.8069790979778	144.954351236615	2019-01-10 05:19:30
4204	C6698	Unoccupied	-37.8087707248351	144.958337163082	2019-01-10 05:19:30
3019	5100E	Unoccupied	-37.804378178843	144.95771205438	2019-01-10 05:19:30
3212	5512E	Unoccupied	-37.8070307878312	144.954374890158	2019-01-10 05:19:30
3012	5086E	Unoccupied	-37.8046601828535	144.957838323254	2019-01-10 05:19:30
6271	13345W	Unoccupied	-37.8193699607641	144.948419202597	2019-01-10 05:19:30
958	C830	Unoccupied	-37.8111638879759	144.967346952896	2019-01-10 05:19:30
4692	8638E	Unoccupied	-37.8256537438561	144.962575339471	2019-01-10 05:19:30
3350	6034E	Unoccupied	-37.8063821111497	144.952164741822	2019-01-10 05:19:30
4342	C7038	Unoccupied	-37.8074776837928	144.958510366682	2019-01-10 05:19:30
4573	8014E	Present	-37.8296316908518	144.969098569306	2019-01-10 05:19:30
3386	6215W	Present	-37.8061989861139	144.950935560675	2019-01-10 05:19:30
3002	5058E	Unoccupied	-37.8051641553828	144.958071845866	2019-01-10 05:19:30
1412	1605S	Unoccupied	-37.8163002707252	144.971720284384	2019-01-10 05:19:30
792	C412	Unoccupied	-37.8129106638535	144.970950364359	2019-01-10 05:19:30
918	C688	Unoccupied	-37.8142397294038	144.968758710491	2019-01-10 05:19:30
3256	5809W	Unoccupied	-37.8069735832327	144.953349966286	2019-01-10 05:19:30
3257	5810E	Unoccupied	-37.8070138377269	144.953477571487	2019-01-10 05:19:30
941	C764	Unoccupied	-37.8132503254074	144.968303390463	2019-01-10 05:19:30
4324	C6986	Unoccupied	-37.8092919356142	144.956211185317	2019-01-10 05:19:30
4568	8009W	Present	-37.8299657800304	144.969130607836	2019-01-10 05:19:30
5902	C9044	Unoccupied	-37.8028967343403	144.967250777273	2019-01-10 05:19:30
5072	9850N	Unoccupied	-37.8251845873226	144.969885127035	2019-01-10 05:19:30
5071	9848N	Unoccupied	-37.8251765127519	144.969912839806	2019-01-10 05:19:30
5074	9854N	Unoccupied	-37.8252007938372	144.969829618442	2019-01-10 05:19:30
950	C806	Present	-37.8113780396218	144.967444659269	2019-01-10 05:19:30
3575	7121S	Present	-37.808314705424	144.953289194518	2019-01-10 05:19:30
4039	C6116	Unoccupied	-37.8046109293829	144.952359761051	2019-01-10 05:19:30
3532	7025S	Unoccupied	-37.8074941544046	144.958778965179	2019-01-10 05:19:30
6075	13215S	Unoccupied	-37.8188120644418	144.947682591593	2019-01-10 05:19:30
2312	2851S	Unoccupied	-37.810713452139	144.967957770858	2019-01-10 05:19:30
6169	13228N	Unoccupied	-37.8193704755044	144.945095440885	2019-01-10 05:19:30
6428	13683W	Unoccupied	-37.8205114041884	144.946094712661	2019-01-10 05:19:30
1540	1908N	Unoccupied	-37.8144453640964	144.96984329199	2019-01-10 05:19:30
6538	13778E	Unoccupied	-37.8132659913774	144.939251777892	2019-01-10 05:19:30
4038	C6114	Unoccupied	-37.8046374865261	144.952355041998	2019-01-10 05:19:30
4110	C6372	Unoccupied	-37.8041019908036	144.950942795432	2019-01-10 05:19:30
4061	C6160	Unoccupied	-37.803931729975	144.952479359848	2019-01-10 05:19:30
4798	9116N	Unoccupied	-37.8301148161966	144.970342780975	2019-01-10 05:19:30
5090	9888N	Unoccupied	-37.8254652793813	144.968924844988	2019-01-10 05:19:30
4120	C6402	Unoccupied	-37.803726604974	144.95100945355	2019-01-10 05:19:30
2930	4909W	Present	-37.8081375335895	144.957767473761	2019-01-10 05:19:30
3513	6668N	Unoccupied	-37.8086389964546	144.958444992576	2019-01-10 05:19:30
5021	9453S	Present	-37.8302781173495	144.965851434645	2019-01-10 05:19:30
3528	7017S	Present	-37.8074131593681	144.959057314804	2019-01-10 05:19:30
982	909W	Unoccupied	-37.8169151884315	144.964279593633	2019-01-10 05:19:30
2919	4893W	Present	-37.8083330683676	144.957732981215	2019-01-10 05:19:30
4201	C6686	Unoccupied	-37.8087453869375	144.958425328551	2019-01-10 05:19:30
3492	6576N	Present	-37.8082229630764	144.959886610534	2019-01-10 05:19:30
2479	C2852	Present	-37.8105823340615	144.968052576372	2019-01-10 05:19:30
4360	C7154	Unoccupied	-37.807109881618	144.953841084366	2019-01-10 05:19:30
3885	C5666	Unoccupied	-37.8064706823329	144.955043856976	2019-01-10 05:19:30
4370	C7174	Unoccupied	-37.8074137519613	144.953219458881	2019-01-10 05:19:30
5306	9529S	Unoccupied	-37.8282620605649	144.965384348955	2019-01-10 05:19:30
4362	C7158	Unoccupied	-37.8071363032717	144.953786548856	2019-01-10 05:19:30
4359	C7152	Unoccupied	-37.8070967147202	144.95386835555	2019-01-10 05:19:30
4363	C7160	Unoccupied	-37.8071496197904	144.953759237336	2019-01-10 05:19:30
6215	13308E	Unoccupied	-37.8199351671393	144.947190042579	2019-01-10 05:19:30
4298	C6932	Unoccupied	-37.8093775744316	144.956054785782	2019-01-10 05:19:30
4337	C7028	Unoccupied	-37.8074255284544	144.958689460683	2019-01-10 05:19:30
4341	C7036	Unoccupied	-37.8074673586204	144.958545716777	2019-01-10 05:19:30
766	C308	Present	-37.8147163612603	144.9717806052	2019-01-10 05:19:30
2480	C2854	Unoccupied	-37.8106316807788	144.967886049	2019-01-10 05:19:30
5185	C8022	Unoccupied	-37.8105316325051	144.952262239517	2019-01-10 05:19:30
4379	C7192	Unoccupied	-37.8075443378683	144.952950684586	2019-01-10 05:19:30
3051	5158E	Unoccupied	-37.8027033083821	144.956934128273	2019-01-10 05:19:30
5896	C9024	Unoccupied	-37.8028758755775	144.967060960194	2019-01-10 05:19:30
6154	C13720	Unoccupied	-37.8200634184554	144.943010593058	2019-01-10 05:19:30
4374	C7182	Unoccupied	-37.807466051779	144.953111955891	2019-01-10 05:19:30
5869	C9178	Unoccupied	-37.7984620609139	144.9653021218	2019-01-10 05:19:30
4380	C7194	Unoccupied	-37.8075560819274	144.952926496176	2019-01-10 05:19:30
4373	C7180	Unoccupied	-37.8074530255738	144.953138680401	2019-01-10 05:19:30
6433	13693W	Unoccupied	-37.8202055763224	144.946014427697	2019-01-10 05:19:30
4376	C7186	Unoccupied	-37.8075061919818	144.953029244566	2019-01-10 05:19:30
6647	13622E	Unoccupied	-37.8194221160523	144.943629462373	2019-01-10 05:19:30
6454	13584E	Present	-37.8198638554147	144.942744749588	2019-01-10 05:19:30
6320	13397W	Unoccupied	-37.8212710396274	144.951032633634	2019-01-10 05:19:30
6826	14012E	Unoccupied	-37.7977158016209	144.958016065308	2019-01-10 05:19:30
4714	8662E	Present	-37.8254200243412	144.962852412139	2019-01-10 05:19:30
3696	7660N	Present	-37.8049548745999	144.956700638068	2019-01-10 05:19:30
6240	13356E	Unoccupied	-37.8219842433859	144.947784309401	2019-01-10 05:19:30
2664	10171W	Present	-37.8042971083028	144.949308664788	2019-01-10 05:19:30
1541	1910N	Unoccupied	-37.8144648098344	144.969777886918	2019-01-10 05:19:30
3558	7084N	Unoccupied	-37.8088126035591	144.953611382359	2019-01-10 05:19:30
2679	10188E	Unoccupied	-37.8038457686777	144.949578218592	2019-01-10 05:19:30
6050	13022N	Unoccupied	-37.8210968582213	144.946834664784	2019-01-10 05:19:30
4831	9226N	Unoccupied	-37.8312788948245	144.966337225672	2019-01-10 05:19:30
4403	C7240	Present	-37.8079243480772	144.952167912279	2019-01-10 05:19:30
5144	9958N	Unoccupied	-37.8259444255127	144.967301899458	2019-01-10 05:19:30
3702	7667S	Unoccupied	-37.8040647535944	144.957890407294	2019-01-10 05:19:30
6216	13310E	Unoccupied	-37.819846088275	144.947148749904	2019-01-10 05:19:30
6709	13296E	Unoccupied	-37.8164580094162	144.945694910167	2019-01-10 05:19:30
1415	1611S	Unoccupied	-37.8163567032409	144.971528632156	2019-01-10 05:19:30
1416	1613S	Unoccupied	-37.8163759840976	144.971463151212	2019-01-10 05:19:30
848	C642	Unoccupied	-37.8084353174122	144.968896042824	2019-01-10 05:19:30
3110	5267W	Present	-37.8046080193207	144.957296342545	2019-01-10 05:19:30
2896	4852E	Present	-37.8096689399978	144.958390773487	2019-01-10 05:19:30
5374	11722E	Unoccupied	-37.8099739177821	144.972973111044	2019-01-10 05:19:30
3872	C5640	Unoccupied	-37.8068669249989	144.954973041814	2019-01-10 05:19:30
4047	C6132	Unoccupied	-37.8043625602936	144.952403346545	2019-01-10 05:19:30
4750	8711W	Present	-37.8248011262255	144.963352397089	2019-01-10 05:19:30
609	63W	Unoccupied	-37.8107291582493	144.972657048585	2019-01-10 05:19:30
6322	13401W	Unoccupied	-37.8213637486619	144.951106009205	2019-01-10 05:19:30
4752	8713W	Present	-37.8247669855374	144.96339236898	2019-01-10 05:19:30
2417	C2656	Present	-37.8096326686937	144.971307733425	2019-01-10 05:19:30
4188	C6646	Present	-37.8085414221891	144.959128399738	2019-01-10 05:19:30
6659	11539S	Unoccupied	-37.811950464847	144.951699856773	2019-01-10 05:19:30
5102	9900N	Unoccupied	-37.8255134892551	144.968759508707	2019-01-10 05:19:30
661	C188	Unoccupied	-37.8081384856734	144.971559423631	2019-01-10 05:19:30
4116	C6390	Unoccupied	-37.8038199865448	144.950992776948	2019-01-10 05:19:30
4818	9198N	Unoccupied	-37.8311136803044	144.96690094365	2019-01-10 05:19:30
6436	13699W	Unoccupied	-37.8198050357568	144.945909630849	2019-01-10 05:19:30
5051	9828N	Unoccupied	-37.8250715964634	144.97027343139	2019-01-10 05:19:30
3950	C5868	Unoccupied	-37.8051912564035	144.953767872181	2019-01-10 05:19:30
5866	C9166	Unoccupied	-37.7984486751085	144.96517647689	2019-01-10 05:19:30
2631	10100E	Present	-37.8037954630668	144.948101639909	2019-01-10 05:19:30
2637	10107W	Unoccupied	-37.8036834716033	144.947886743797	2019-01-10 05:19:30
5140	9953S	Unoccupied	-37.8261181197682	144.967054921347	2019-01-10 05:19:30
2932	4912E	Unoccupied	-37.8078968934704	144.958099559113	2019-01-10 05:19:30
699	431W	Unoccupied	-37.8126430435437	144.970699668958	2019-01-10 05:19:30
6639	13619W	Unoccupied	-37.819580262592	144.943540106097	2019-01-10 05:19:30
5247	11519S	Unoccupied	-37.8118075738147	144.952205798374	2019-01-10 05:19:30
6193	13276N	Present	-37.8202215460637	144.942162331989	2019-01-10 05:19:30
862	682E	Unoccupied	-37.8141968751038	144.968863555741	2019-01-10 05:19:30
3387	6217W	Unoccupied	-37.8061778100318	144.950925919051	2019-01-10 05:19:30
6870	14100E	Unoccupied	-37.7946551197587	144.958391154773	2019-01-10 05:19:30
576	122E	Unoccupied	-37.8083819576199	144.971793943697	2019-01-10 05:19:30
725	566E	Unoccupied	-37.8092866616562	144.969406212321	2019-01-10 05:19:30
6437	13701W	Unoccupied	-37.8197510383749	144.945895608701	2019-01-10 05:19:30
3895	C5702	Unoccupied	-37.8061167289092	144.955107116941	2019-01-10 05:19:30
799	C454	Unoccupied	-37.8117425082208	144.97041102503	2019-01-10 05:19:30
5059	9836N	Unoccupied	-37.825127831322	144.970079950727	2019-01-10 05:19:30
836	C600	Present	-37.8088694957097	144.969095792311	2019-01-10 05:19:30
4759	8812E	Unoccupied	-37.8227955069284	144.966785120867	2019-01-10 05:19:30
5927	12814N	Unoccupied	-37.8028475371952	144.967684074127	2019-01-10 05:19:30
3593	7327W	Present	-37.8056004541023	144.949229912682	2019-01-10 05:19:30
833	C588	Unoccupied	-37.8089807906202	144.969146995265	2019-01-10 05:19:30
2747	4576E	Present	-37.8080399984094	144.966042095976	2019-01-10 05:19:30
929	C726	Unoccupied	-37.8136011881914	144.968463926832	2019-01-10 05:19:30
4121	C6404	Unoccupied	-37.8037033588425	144.951013677651	2019-01-10 05:19:30
6118	C13576	Unoccupied	-37.819484532803	144.945014504512	2019-01-10 05:19:30
5908	C9072	Unoccupied	-37.802935640475	144.967604661128	2019-01-10 05:19:30
5868	C9174	Unoccupied	-37.7984588240208	144.965271186961	2019-01-10 05:19:30
4830	9224N	Unoccupied	-37.8312681947811	144.96637369525	2019-01-10 05:19:30
6403	13659W	Unoccupied	-37.819730497345	144.945240452067	2019-01-10 05:19:30
5110	9912N	Unoccupied	-37.8255617981548	144.968594133375	2019-01-10 05:19:30
4042	C6122	Unoccupied	-37.8045392186581	144.952372538348	2019-01-10 05:19:30
4015	C6068	Unoccupied	-37.8057112732868	144.952166805902	2019-01-10 05:19:30
5107	9906N	Unoccupied	-37.8255375924333	144.968677198262	2019-01-10 05:19:30
4825	9214N	Present	-37.8311834122374	144.966648575404	2019-01-10 05:19:30
5017	9449S	Present	-37.8302569105997	144.965924724947	2019-01-10 05:19:30
6895	14237W	Unoccupied	-37.7953075564042	144.964779666219	2019-01-10 05:19:30
6018	13035S	Unoccupied	-37.8211807924743	144.947161435789	2019-01-10 05:19:30
3552	7077S	Unoccupied	-37.8088639372948	144.953954094038	2019-01-10 05:19:30
6415	13663W	Present	-37.8212228998624	144.945382640295	2019-01-10 05:19:30
4905	9327S	Unoccupied	-37.8295161238647	144.968483084355	2019-01-10 05:19:30
4946	9373S	Unoccupied	-37.8297335691089	144.967733547837	2019-01-10 05:19:30
6525	13725W	Unoccupied	-37.8122448488987	144.936096823663	2019-01-10 05:19:30
4877	9292N	Unoccupied	-37.8290750297983	144.96956775385	2019-01-10 05:19:30
731	610E	Unoccupied	-37.8086396804145	144.96911287449	2019-01-10 05:19:30
5874	C9198	Unoccupied	-37.7984816846785	144.965487686833	2019-01-10 05:19:30
702	437W	Unoccupied	-37.8124909426298	144.970628749972	2019-01-10 05:19:30
3381	6205W	Unoccupied	-37.806327967486	144.950994299026	2019-01-10 05:19:30
3403	6252N	Unoccupied	-37.8075851351103	144.966371321755	2019-01-10 05:19:30
822	C544	Unoccupied	-37.8096095019539	144.969435683748	2019-01-10 05:19:30
3700	7665S	Present	-37.8040718540168	144.957955081518	2019-01-10 05:19:30
3013	5088E	Unoccupied	-37.8046375916569	144.957827994352	2019-01-10 05:19:30
5079	9864N	Unoccupied	-37.8252414624477	144.969689819102	2019-01-10 05:19:30
981	908E	Present	-37.8169138916591	144.964484282943	2019-01-10 05:19:30
5108	9908N	Unoccupied	-37.8255456757615	144.968649670123	2019-01-10 05:19:30
6149	C13700	Present	-37.820011915601	144.943187686964	2019-01-10 05:19:30
6618	13868N	Unoccupied	-37.8140245373395	144.941629475234	2019-01-10 05:19:30
5871	C9186	Unoccupied	-37.7984686076851	144.965363502329	2019-01-10 05:19:30
6543	13747W	Present	-37.8134898448971	144.9392686326	2019-01-10 05:19:30
6089	13245S	Unoccupied	-37.8200603063091	144.943340493597	2019-01-10 05:19:30
6112	C13544	Unoccupied	-37.8193265815347	144.945560478417	2019-01-10 05:19:30
5184	C8020	Unoccupied	-37.8105238815283	144.952289861512	2019-01-10 05:19:30
956	C826	Present	-37.811210911027	144.967368388675	2019-01-10 05:19:30
6264	13331W	Present	-37.8189759722187	144.948404184529	2019-01-10 05:19:30
6258	13420E	Unoccupied	-37.819826100923	144.948007550675	2019-01-10 05:19:30
6523	13760E	Unoccupied	-37.812252448476	144.936221034075	2019-01-10 05:19:30
6061	13044N	Present	-37.8210950441376	144.943593133813	2019-01-10 05:19:30
6304	13365W	Unoccupied	-37.8192190137046	144.949416713737	2019-01-10 05:19:30
6404	13661W	Unoccupied	-37.8196657590442	144.945224676459	2019-01-10 05:19:30
6232	13342E	Unoccupied	-37.8159596142735	144.945475678297	2019-01-10 05:19:30
6217	13312E	Unoccupied	-37.8197825689164	144.947122646267	2019-01-10 05:19:30
5878	12904N	Unoccupied	-37.7983241254349	144.964880788268	2019-01-10 05:19:30
868	734E	Unoccupied	-37.8134717713819	144.968530924545	2019-01-10 05:19:30
6677	8628E	Present	-37.8257504728106	144.96245984258	2019-01-10 05:19:30
1536	1900N	Unoccupied	-37.8137959572586	144.97204452248	2019-01-10 05:19:30
2696	10326E	Unoccupied	-37.8030469312854	144.944024759089	2019-01-10 05:19:30
3531	7023S	Unoccupied	-37.8074738733918	144.958848618777	2019-01-10 05:19:30
3081	5219W	Unoccupied	-37.8054139609035	144.957147447545	2019-01-10 05:19:30
6146	C13688	Unoccupied	-37.8199877266122	144.943270862779	2019-01-10 05:19:30
1428	1662N	Unoccupied	-37.8185774270495	144.96325715836	2019-01-10 05:19:30
623	81W	Unoccupied	-37.8090882836988	144.971871344679	2019-01-10 05:19:30
2460	C2800	Present	-37.810364287884	144.968797854714	2019-01-10 05:19:30
773	C336	Unoccupied	-37.8144183763206	144.971642462055	2019-01-10 05:19:30
3954	C5876	Unoccupied	-37.8050966711119	144.953784748456	2019-01-10 05:19:30
4822	9208N	Unoccupied	-37.8311560595271	144.966755625089	2019-01-10 05:19:30
4405	C7244	Unoccupied	-37.8079506056217	144.952113985707	2019-01-10 05:19:30
2681	10190E	Unoccupied	-37.8037924605732	144.949587616696	2019-01-10 05:19:30
4561	8002E	Unoccupied	-37.830157948347	144.969339879924	2019-01-10 05:19:30
3631	7580N	Unoccupied	-37.8056067443951	144.954357762757	2019-01-10 05:19:30
641	C108	Unoccupied	-37.8088492668681	144.971886195698	2019-01-10 05:19:30
5918	12805S	Unoccupied	-37.8029643158924	144.967015734487	2019-01-10 05:19:30
6183	13256N	Present	-37.8198937365823	144.943287680816	2019-01-10 05:19:30
6909	14265W	Unoccupied	-37.7943960903472	144.964882728054	2019-01-10 05:19:30
1751	2371S	Present	-37.8123957719506	144.969769273791	2019-01-10 05:19:30
6288	13454E	Unoccupied	-37.8194342980677	144.948634835125	2019-01-10 05:19:30
6321	13399W	Unoccupied	-37.8213149142059	144.951067358151	2019-01-10 05:19:30
5347	8875W	Unoccupied	-37.825353797628	144.960638315494	2019-01-10 05:19:30
6842	14044E	Unoccupied	-37.7965577345475	144.958157105641	2019-01-10 05:19:30
4085	C6284	Unoccupied	-37.8049977487857	144.950785345152	2019-01-10 05:19:30
3705	7671S	Unoccupied	-37.8039705791177	144.957040895711	2019-01-10 05:19:30
686	346E	Unoccupied	-37.8142358920021	144.971685277277	2019-01-10 05:19:30
4051	C6140	Unoccupied	-37.8042696010638	144.95241985784	2019-01-10 05:19:30
2639	10111W	Unoccupied	-37.80357687675	144.947906450895	2019-01-10 05:19:30
5376	11726E	Unoccupied	-37.8098645831055	144.972987749897	2019-01-10 05:19:30
5897	C9028	Unoccupied	-37.8028792751374	144.967091878381	2019-01-10 05:19:30
2698	10328E	Unoccupied	-37.8030892948544	144.944017111255	2019-01-10 05:19:30
5065	9842N	Unoccupied	-37.8251522415822	144.969996572141	2019-01-10 05:19:30
4404	C7242	Unoccupied	-37.807937380447	144.95214133755	2019-01-10 05:19:30
4821	9206N	Unoccupied	-37.8311458237851	144.966790730851	2019-01-10 05:19:30
6613	13855S	Unoccupied	-37.814082256133	144.941651183029	2019-01-10 05:19:30
2459	C2796	Unoccupied	-37.8103553865409	144.968828313316	2019-01-10 05:19:30
757	C268	Unoccupied	-37.8152664004024	144.972037285312	2019-01-10 05:19:30
3546	7066N	Unoccupied	-37.8086122750638	144.954302035595	2019-01-10 05:19:30
6388	13639W	Unoccupied	-37.8200185010147	144.944312846762	2019-01-10 05:19:30
846	C638	Unoccupied	-37.808486098899	144.968919405108	2019-01-10 05:19:30
5152	9974N	Unoccupied	-37.8260319564673	144.967000981601	2019-01-10 05:19:30
2306	2843S	Unoccupied	-37.8106376393014	144.968214768359	2019-01-10 05:19:30
3638	7592N	Unoccupied	-37.8052352488636	144.951038930451	2019-01-10 05:19:30
6069	13203S	Present	-37.8186814048439	144.948133050896	2019-01-10 05:19:30
6860	14080E	Unoccupied	-37.7953107547231	144.958310419973	2019-01-10 05:19:30
3118	5278E	Unoccupied	-37.804590055885	144.957431682852	2019-01-10 05:19:30
6760	13103W	Unoccupied	-37.8208856647171	144.944165483993	2019-01-10 05:19:30
6542	13745W	Unoccupied	-37.8135401733425	144.939299142756	2019-01-10 05:19:30
6142	C13672	Unoccupied	-37.8199443118713	144.943420148507	2019-01-10 05:19:30
2717	4099W	Present	-37.8079227349769	144.960153443578	2019-01-10 05:19:30
3892	C5692	Unoccupied	-37.8062698693896	144.95507974714	2019-01-10 05:19:30
6070	13205S	Unoccupied	-37.8186984505235	144.948074416421	2019-01-10 05:19:30
1731	2338N	Unoccupied	-37.8117490493211	144.971423708248	2019-01-10 05:19:30
3547	7067S	Unoccupied	-37.8087662177932	144.954293965302	2019-01-10 05:19:30
6380	13630E	Unoccupied	-37.8190849214816	144.944338902942	2019-01-10 05:19:30
1474	1787S	Unoccupied	-37.8173743907212	144.963964113693	2019-01-10 05:19:30
5103	9901S	Unoccupied	-37.8256840193793	144.968544209108	2019-01-10 05:19:30
5899	C9036	Unoccupied	-37.8028862444344	144.967154794422	2019-01-10 05:19:30
6496	13717W	Unoccupied	-37.8157674854022	144.938010224929	2019-01-10 05:19:30
4577	8018E	Present	-37.829534075734	144.96905443418	2019-01-10 05:19:30
4944	9371S	Present	-37.8297243770594	144.967765233201	2019-01-10 05:19:30
4262	C6856	Unoccupied	-37.8094704399797	144.955770178453	2019-01-10 05:19:30
4453	C7752	Unoccupied	-37.8031118616877	144.950163270522	2019-01-10 05:19:30
747	C228	Unoccupied	-37.8155757478272	144.972180075793	2019-01-10 05:19:30
809	C492	Unoccupied	-37.8107324298072	144.969950153323	2019-01-10 05:19:30
6022	13043S	Unoccupied	-37.8212634199852	144.94687494394	2019-01-10 05:19:30
4184	C6638	Present	-37.8085065854304	144.959248937427	2019-01-10 05:19:30
6896	14239W	Unoccupied	-37.7952507299842	144.964789336713	2019-01-10 05:19:30
3566	7093S	Unoccupied	-37.8090208066271	144.953408504019	2019-01-10 05:19:30
6882	14211W	Unoccupied	-37.7961499704638	144.964635785722	2019-01-10 05:19:30
3906	C5726	Unoccupied	-37.8052017220187	144.955266582303	2019-01-10 05:19:30
5085	9880N	Unoccupied	-37.8254315640033	144.969040546809	2019-01-10 05:19:30
6488	13833S	Unoccupied	-37.815630804676	144.937305373047	2019-01-10 05:19:30
6902	14251W	Unoccupied	-37.7949113088612	144.964846337461	2019-01-10 05:19:30
4334	C7006	Unoccupied	-37.8092661813	144.956409936437	2019-01-10 05:19:30
6202	13317W	Unoccupied	-37.8201189647961	144.947069456977	2019-01-10 05:19:30
730	606E	Unoccupied	-37.8086930512685	144.969137259248	2019-01-10 05:19:30
6207	13327W	Unoccupied	-37.819748534918	144.946908807625	2019-01-10 05:19:30
6252	13408E	Unoccupied	-37.8192722859481	144.94741784611	2019-01-10 05:19:30
4011	C6060	Unoccupied	-37.8058843103072	144.952135743374	2019-01-10 05:19:30
3382	6207W	Unoccupied	-37.8063067778359	144.950984602318	2019-01-10 05:19:30
3125	5292E	Unoccupied	-37.8044346023387	144.957461325668	2019-01-10 05:19:30
2408	C2638	Unoccupied	-37.8095437581689	144.971611255145	2019-01-10 05:19:30
4719	8668E	Present	-37.8253602241071	144.962922563467	2019-01-10 05:19:30
6053	13028N	Unoccupied	-37.8212187965903	144.944109481473	2019-01-10 05:19:30
721	554E	Present	-37.8094393820617	144.969476615799	2019-01-10 05:19:30
6238	13354E	Unoccupied	-37.8155085894708	144.945276484051	2019-01-10 05:19:30
4803	9126N	Unoccupied	-37.8301641835264	144.970173976012	2019-01-10 05:19:30
5928	12816N	Unoccupied	-37.8028550366462	144.967757052544	2019-01-10 05:19:30
1305	1297W	Unoccupied	-37.8184045206024	144.959334055269	2019-01-10 05:19:30
4202	C6690	Unoccupied	-37.8087538721779	144.958395692906	2019-01-10 05:19:30
3393	6229W	Unoccupied	-37.8060050580372	144.950847097645	2019-01-10 05:19:30
6323	13403W	Unoccupied	-37.8214125835666	144.951144660865	2019-01-10 05:19:30
3688	7648N	Present	-37.8049970275121	144.957079924492	2019-01-10 05:19:30
3227	5582E	Present	-37.806186788252	144.953990015956	2019-01-10 05:19:30
4174	C6608	Present	-37.808389796672	144.959651919741	2019-01-10 05:19:30
4070	C6178	Unoccupied	-37.8037128860437	144.952518292439	2019-01-10 05:19:30
3218	5526E	Unoccupied	-37.8067237327723	144.954235047941	2019-01-10 05:19:30
6220	13318E	Unoccupied	-37.8195396001477	144.947013172812	2019-01-10 05:19:30
4983	9415S	Unoccupied	-37.8300786895129	144.966540644236	2019-01-10 05:19:30
3944	C5856	Unoccupied	-37.8053367700698	144.953741894293	2019-01-10 05:19:30
5905	C9060	Present	-37.8029251464707	144.967509178655	2019-01-10 05:19:30
934	C744	Present	-37.8134320612536	144.968386448538	2019-01-10 05:19:30
6491	13824N	Present	-37.8157914286975	144.937634776855	2019-01-10 05:19:30
927	C722	Unoccupied	-37.8136455412187	144.968484234441	2019-01-10 05:19:30
6855	14070E	Unoccupied	-37.7957770616452	144.958254650771	2019-01-10 05:19:30
5056	9833S	Unoccupied	-37.825245599878	144.970046247976	2019-01-10 05:19:30
4340	C7034	Unoccupied	-37.807457039703	144.958581064418	2019-01-10 05:19:30
928	C724	Unoccupied	-37.8136235593662	144.968474143826	2019-01-10 05:19:30
4336	C7026	Unoccupied	-37.8074141969672	144.958728236309	2019-01-10 05:19:30
4261	C6854	Unoccupied	-37.8094902428342	144.955766373678	2019-01-10 05:19:30
3909	C5732	Unoccupied	-37.8051281377325	144.95527980988	2019-01-10 05:19:30
6352	13281S	Unoccupied	-37.8213337956486	144.950626916493	2019-01-10 05:19:30
2682	10191W	Unoccupied	-37.8037754266159	144.949400563691	2019-01-10 05:19:30
2323	2888N	Present	-37.810907523741	144.966626821224	2019-01-10 05:19:30
4339	C7032	Unoccupied	-37.8074467091436	144.958616416914	2019-01-10 05:19:30
6230	13338E	Unoccupied	-37.8165699584922	144.945744358626	2019-01-10 05:19:30
3259	5812E	Unoccupied	-37.8069905151114	144.953481713857	2019-01-10 05:19:30
3385	6213W	Unoccupied	-37.8062201476353	144.950945234604	2019-01-10 05:19:30
1504	1863S	Unoccupied	-37.8193104025115	144.95758243964	2019-01-10 05:19:30
1496	1849S	Unoccupied	-37.8188367587031	144.959214118321	2019-01-10 05:19:30
3713	7680N	Unoccupied	-37.8037507770166	144.95671012371	2019-01-10 05:19:30
3267	5824E	Unoccupied	-37.806784135951	144.95351785207	2019-01-10 05:19:30
3107	5264E	Unoccupied	-37.8048192276067	144.957387987351	2019-01-10 05:19:30
2918	4891W	Unoccupied	-37.8083570761705	144.957728747492	2019-01-10 05:19:30
6284	13446E	Unoccupied	-37.8192181671791	144.948626658588	2019-01-10 05:19:30
4355	C7140	Unoccupied	-37.8084494628881	144.952637331094	2019-01-10 05:19:30
776	C348	Unoccupied	-37.814342864848	144.971607817732	2019-01-10 05:19:30
5092	9890N	Unoccupied	-37.8254731386651	144.968897510753	2019-01-10 05:19:30
845	C636	Unoccupied	-37.8085428039813	144.96894549302	2019-01-10 05:19:30
3894	C5700	Unoccupied	-37.8061403466223	144.955102896672	2019-01-10 05:19:30
6824	14008E	Present	-37.7985292254026	144.957913705082	2019-01-10 05:19:30
1427	1660N	Present	-37.8185587774193	144.963321119566	2019-01-10 05:19:30
6584	13864N	Unoccupied	-37.8123733471784	144.941046568069	2019-01-10 05:19:30
3111	5268E	Unoccupied	-37.8047735640256	144.957396684958	2019-01-10 05:19:30
3938	C5792	Unoccupied	-37.8040602342537	144.95547179734	2019-01-10 05:19:30
2925	4901W	Unoccupied	-37.8082355466952	144.957750178733	2019-01-10 05:19:30
5106	9904N	Unoccupied	-37.825529602558	144.96870453801	2019-01-10 05:19:30
3175	5382E	Unoccupied	-37.8053675166623	144.956244907495	2019-01-10 05:19:30
3554	7079S	Unoccupied	-37.8088832825562	144.953886813291	2019-01-10 05:19:30
5315	7817W	Present	-37.8293436719966	144.971035065816	2019-01-10 05:19:30
3620	7568N	Unoccupied	-37.8056593810027	144.954826317798	2019-01-10 05:19:30
2451	C2778	Unoccupied	-37.8102781852263	144.969090688624	2019-01-10 05:19:30
1297	1287W	Unoccupied	-37.8190610235987	144.959634832236	2019-01-10 05:19:30
2927	4903W	Present	-37.8082104199067	144.957754610279	2019-01-10 05:19:30
6606	13841S	Unoccupied	-37.8145876936055	144.940374281314	2019-01-10 05:19:30
5368	11710E	Unoccupied	-37.8103198198962	144.972940944179	2019-01-10 05:19:30
5149	9968N	Unoccupied	-37.8259813825744	144.967174427654	2019-01-10 05:19:30
6469	13825S	Unoccupied	-37.815213074465	144.93692626687	2019-01-10 05:19:30
4826	9216N	Unoccupied	-37.8312260388704	144.966517384471	2019-01-10 05:19:30
5115	9922N	Unoccupied	-37.8256019887448	144.968457011899	2019-01-10 05:19:30
4104	C6350	Unoccupied	-37.8042411819366	144.950918193258	2019-01-10 05:19:30
5877	12902N	Unoccupied	-37.7983138475116	144.964789135181	2019-01-10 05:19:30
4443	C7732	Unoccupied	-37.8031777386714	144.950756005245	2019-01-10 05:19:30
2454	C2786	Unoccupied	-37.810312317894	144.968975671014	2019-01-10 05:19:30
3048	5152E	Unoccupied	-37.8027703067184	144.956965237426	2019-01-10 05:19:30
4290	C6916	Unoccupied	-37.8094513120771	144.955977777271	2019-01-10 05:19:30
4845	9245S	Unoccupied	-37.8288824338845	144.970655265714	2019-01-10 05:19:30
6115	C13556	Unoccupied	-37.8193610330877	144.945441327902	2019-01-10 05:19:30
3877	C5650	Unoccupied	-37.8067167618194	144.954999874962	2019-01-10 05:19:30
5313	7813W	Unoccupied	-37.8294522213866	144.971034884131	2019-01-10 05:19:30
858	675W	Unoccupied	-37.8143088854724	144.96866608962	2019-01-10 05:19:30
6484	13713W	Unoccupied	-37.8154857748891	144.936817118422	2019-01-10 05:19:30
2646	10120E	Unoccupied	-37.803251489583	144.948198265853	2019-01-10 05:19:30
579	130E	Unoccupied	-37.8082812529151	144.971747541639	2019-01-10 05:19:30
1952	3319S	Unoccupied	-37.8087483838611	144.970616274355	2019-01-10 05:19:30
2450	C2776	Unoccupied	-37.8102694093033	144.969120717171	2019-01-10 05:19:30
4933	9357S	Unoccupied	-37.8296593996115	144.967989210056	2019-01-10 05:19:30
4018	C6074	Present	-37.8051653855528	144.952260592229	2019-01-10 05:19:30
6108	C13528	Unoccupied	-37.8192888003783	144.945691708207	2019-01-10 05:19:30
6421	13668E	Unoccupied	-37.8210390173936	144.945430853884	2019-01-10 05:19:30
6883	14213W	Present	-37.79609380731	144.964645280345	2019-01-10 05:19:30
4841	9241S	Unoccupied	-37.8288606157961	144.970730489606	2019-01-10 05:19:30
946	C790	Unoccupied	-37.8115705710895	144.967532344043	2019-01-10 05:19:30
674	D9W	Unoccupied	-37.8091384402319	144.97189445766	2019-01-10 05:19:30
6416	13665W	Present	-37.821167229671	144.945367804042	2019-01-10 05:19:30
4444	C7734	Unoccupied	-37.8031743329475	144.950725649266	2019-01-10 05:19:30
4274	C6884	Unoccupied	-37.8093259183127	144.955797283545	2019-01-10 05:19:30
6432	13691W	Unoccupied	-37.8202669574322	144.946030337803	2019-01-10 05:19:30
6277	13432E	Unoccupied	-37.8188007361515	144.948610701419	2019-01-10 05:19:30
6242	13360E	Unoccupied	-37.8221021054352	144.947811625005	2019-01-10 05:19:30
3206	5464E	Unoccupied	-37.8074266568232	144.954555837691	2019-01-10 05:19:30
5317	7821W	Unoccupied	-37.8292353413528	144.971037307689	2019-01-10 05:19:30
5009	9441S	Unoccupied	-37.8302149344863	144.966069793073	2019-01-10 05:19:30
6875	14110E	Unoccupied	-37.794370911765	144.958426116486	2019-01-10 05:19:30
1542	1912N	Present	-37.8144848713038	144.969710350975	2019-01-10 05:19:30
4052	C6142	Unoccupied	-37.8042466765947	144.952423951425	2019-01-10 05:19:30
5274	4509W	Present	-37.8116604405907	144.953424408537	2019-01-10 05:19:30
4385	C7204	Unoccupied	-37.8076308239822	144.952772566335	2019-01-10 05:19:30
6212	13302E	Unoccupied	-37.8201539164336	144.947280659287	2019-01-10 05:19:30
5855	C9122	Unoccupied	-37.7984047560059	144.96477329313	2019-01-10 05:19:30
4023	C6084	Unoccupied	-37.8050496013015	144.952281457449	2019-01-10 05:19:30
6197	13307W	Unoccupied	-37.820520599359	144.947205923834	2019-01-10 05:19:30
3277	5836E	Unoccupied	-37.8066448859904	144.953542400492	2019-01-10 05:19:30
7049	13285S	Present	-37.8195052925545	144.949472257684	2019-01-10 05:19:30
6825	14010E	Present	-37.7977644055934	144.958011659755	2019-01-10 05:19:30
574	114E	Unoccupied	-37.8084833685789	144.971840691091	2019-01-10 05:19:30
2649	10124E	Unoccupied	-37.8031392557621	144.948218385501	2019-01-10 05:19:30
771	C328	Unoccupied	-37.8144955279878	144.971678185114	2019-01-10 05:19:30
804	C474	Unoccupied	-37.8114642735728	144.970283834526	2019-01-10 05:19:30
6518	13750E	Unoccupied	-37.8127604452992	144.936526891315	2019-01-10 05:19:30
4712	8660E	Unoccupied	-37.8254397220797	144.962829306005	2019-01-10 05:19:30
883	791W	Present	-37.8114944359499	144.967373838114	2019-01-10 05:19:30
802	C466	Unoccupied	-37.8116315529183	144.970360303799	2019-01-10 05:19:30
5047	9824N	Present	-37.8250559058916	144.970328666991	2019-01-10 05:19:30
847	C640	Unoccupied	-37.8084607086065	144.968907723968	2019-01-10 05:19:30
4696	8642E	Unoccupied	-37.8256150520636	144.962621538375	2019-01-10 05:19:30
2899	4858E	Unoccupied	-37.8095198037483	144.958323049223	2019-01-10 05:19:30
2457	C2792	Unoccupied	-37.8103381521711	144.968887232331	2019-01-10 05:19:30
4176	C6612	Present	-37.8084076866939	144.959590225733	2019-01-10 05:19:30
2414	C2650	Unoccupied	-37.8095990437368	144.971422410435	2019-01-10 05:19:30
755	C260	Unoccupied	-37.8153120192301	144.97205828278	2019-01-10 05:19:30
3974	C5916	Unoccupied	-37.8044571710108	144.95389918648	2019-01-10 05:19:30
4367	C7168	Unoccupied	-37.8072138732388	144.953629518207	2019-01-10 05:19:30
3862	C5620	Present	-37.8071414301175	144.954924068129	2019-01-10 05:19:30
4239	C6800	Present	-37.8093376321752	144.956709108745	2019-01-10 05:19:30
4216	C6736	Present	-37.8093900684372	144.957173891346	2019-01-10 05:19:30
4383	C7200	Unoccupied	-37.8076073094197	144.952820993905	2019-01-10 05:19:30
4122	C6406	Unoccupied	-37.8036800419313	144.951017878795	2019-01-10 05:19:30
5183	C8018	Unoccupied	-37.8105161305447	144.952317483502	2019-01-10 05:19:30
5893	C9012	Unoccupied	-37.8028621979776	144.966935924555	2019-01-10 05:19:30
6893	14233W	Unoccupied	-37.7954191694768	144.964760594115	2019-01-10 05:19:30
3727	7762N	Unoccupied	-37.8025407650334	144.945821812212	2019-01-10 05:19:30
2641	10115W	Unoccupied	-37.8033626516759	144.947944235303	2019-01-10 05:19:30
5879	12906N	Unoccupied	-37.7983322344066	144.964953915928	2019-01-10 05:19:30
4228	C6760	Unoccupied	-37.8093704367328	144.956999878536	2019-01-10 05:19:30
3625	7574N	Unoccupied	-37.805636720556	144.954624610301	2019-01-10 05:19:30
6250	13404E	Unoccupied	-37.8191837867361	144.947323948854	2019-01-10 05:19:30
6192	13274N	Present	-37.8202014706707	144.942231688046	2019-01-10 05:19:30
6024	13059S	Unoccupied	-37.8214674697042	144.946140769266	2019-01-10 05:19:30
3265	5822E	Unoccupied	-37.8068746939921	144.953502532141	2019-01-10 05:19:30
5113	9918N	Unoccupied	-37.8255859349212	144.968511630197	2019-01-10 05:19:30
5327	7841W	Unoccupied	-37.827402655275	144.971150580958	2019-01-10 05:19:30
3707	7673S	Unoccupied	-37.8039623300036	144.956968207558	2019-01-10 05:19:30
3961	C5890	Unoccupied	-37.8048858555718	144.953822446806	2019-01-10 05:19:30
4129	C6420	Unoccupied	-37.8035188418094	144.951046546521	2019-01-10 05:19:30
5015	9447S	Present	-37.8302463903357	144.9659610829	2019-01-10 05:19:30
4569	8010E	Unoccupied	-37.8299413625641	144.969238500836	2019-01-10 05:19:30
4723	8672E	Present	-37.8253207610339	144.962968855355	2019-01-10 05:19:30
5086	9882N	Unoccupied	-37.8254409297144	144.969008166433	2019-01-10 05:19:30
4031	C6100	Unoccupied	-37.804803480214	144.952325546014	2019-01-10 05:19:30
3661	7620N	Unoccupied	-37.8049876365649	144.948753723562	2019-01-10 05:19:30
5270	4501W	Unoccupied	-37.811863168591	144.953518888422	2019-01-10 05:19:30
4520	3774N	Unoccupied	-37.8100746777674	144.961948304778	2019-01-10 05:19:30
728	598E	Unoccupied	-37.8087996757869	144.969186099787	2019-01-10 05:19:30
2718	4101W	Unoccupied	-37.8078729309613	144.960130736653	2019-01-10 05:19:30
3717	7720N	Unoccupied	-37.8033599057234	144.953225238761	2019-01-10 05:19:30
1532	1896N	Unoccupied	-37.81375871902	144.972171764656	2019-01-10 05:19:30
6361	13306N	Unoccupied	-37.8217688127801	144.950927032154	2019-01-10 05:19:30
5095	9893S	Unoccupied	-37.8256096654503	144.968799612044	2019-01-10 05:19:30
3869	C5634	Unoccupied	-37.8069407221165	144.954959847879	2019-01-10 05:19:30
769	C320	Unoccupied	-37.8145433369751	144.971700505661	2019-01-10 05:19:30
644	C120	Present	-37.8087784623792	144.971853660695	2019-01-10 05:19:30
3970	C5908	Present	-37.804555809483	144.953881684019	2019-01-10 05:19:30
6145	C13684	Present	-37.8199797028692	144.943298455383	2019-01-10 05:19:30
4029	C6096	Unoccupied	-37.8048499135407	144.95231726779	2019-01-10 05:19:30
6151	C13708	Unoccupied	-37.820039230506	144.943093768997	2019-01-10 05:19:30
6107	C13524	Unoccupied	-37.8192801772592	144.945721533291	2019-01-10 05:19:30
6400	13653W	Unoccupied	-37.8203081927844	144.945389674406	2019-01-10 05:19:30
760	C280	Unoccupied	-37.815197733355	144.972005803208	2019-01-10 05:19:30
4267	C6866	Unoccupied	-37.8094346173037	144.955839586988	2019-01-10 05:19:30
2456	C2790	Present	-37.8103295358511	144.968916816655	2019-01-10 05:19:30
1730	2337S	Unoccupied	-37.811887773315	144.971503779125	2019-01-10 05:19:30
1407	1596N	Present	-37.8158085501235	144.972730985252	2019-01-10 05:19:30
6614	13857S	Unoccupied	-37.814049946306	144.941735695662	2019-01-10 05:19:30
6899	14245W	Unoccupied	-37.7950811871678	144.964817849915	2019-01-10 05:19:30
5109	9910N	Unoccupied	-37.8255538054797	144.968621983934	2019-01-10 05:19:30
6834	14028E	Unoccupied	-37.796967491446	144.958106545815	2019-01-10 05:19:30
6617	13866N	Unoccupied	-37.8140507824265	144.941560819556	2019-01-10 05:19:30
6066	13054N	Unoccupied	-37.8209561468884	144.943013397381	2019-01-10 05:19:30
4869	9276N	Unoccupied	-37.8289673053262	144.96993785828	2019-01-10 05:19:30
6837	14034E	Unoccupied	-37.7968107746075	144.95812601735	2019-01-10 05:19:30
3719	7722N	Present	-37.8033264017554	144.952904108907	2019-01-10 05:19:30
2921	4895W	Unoccupied	-37.8083088121581	144.95773725872	2019-01-10 05:19:30
3500	6614N	Unoccupied	-37.8083357858024	144.959496064811	2019-01-10 05:19:30
4721	8670E	Present	-37.8253405431288	144.962945649196	2019-01-10 05:19:30
4865	9268N	Unoccupied	-37.8289256198213	144.970081125354	2019-01-10 05:19:30
4866	9270N	Unoccupied	-37.8289365256152	144.970043663352	2019-01-10 05:19:30
4968	9397S	Unoccupied	-37.8298621169719	144.967290852251	2019-01-10 05:19:30
2321	2884N	Unoccupied	-37.8108676583406	144.96676222197	2019-01-10 05:19:30
5069	9846N	Unoccupied	-37.8251684308802	144.969940748372	2019-01-10 05:19:30
3602	7337W	Unoccupied	-37.805418516817	144.949240714359	2019-01-10 05:19:30
2314	2855S	Unoccupied	-37.8107519275873	144.967827882279	2019-01-10 05:19:30
3209	5476E	Unoccupied	-37.8072579837082	144.95447866624	2019-01-10 05:19:30
705	448E	Unoccupied	-37.8117457114189	144.970537391533	2019-01-10 05:19:30
3015	5092E	Present	-37.8044767563138	144.957756389404	2019-01-10 05:19:30
3560	7086N	Present	-37.8088322861115	144.953542701978	2019-01-10 05:19:30
6198	13309W	Unoccupied	-37.8204307452787	144.947179376748	2019-01-10 05:19:30
6892	14231W	Unoccupied	-37.7955835080551	144.964732305876	2019-01-10 05:19:30
5084	9878N	Unoccupied	-37.8254214780211	144.969076125321	2019-01-10 05:19:30
6116	C13568	Unoccupied	-37.8194662214421	144.945077954628	2019-01-10 05:19:30
6133	C13636	Unoccupied	-37.8196902032633	144.944301386882	2019-01-10 05:19:30
1951	3318N	Unoccupied	-37.8086872931927	144.970647029054	2019-01-10 05:19:30
5329	7845W	Unoccupied	-37.8273003631203	144.971151259677	2019-01-10 05:19:30
842	C624	Unoccupied	-37.8086507138266	144.968995138468	2019-01-10 05:19:30
796	C442	Unoccupied	-37.8118526155873	144.970461360081	2019-01-10 05:19:30
765	C304	Unoccupied	-37.8147377881146	144.971790728886	2019-01-10 05:19:30
4012	C6062	Present	-37.8058611193095	144.952139906213	2019-01-10 05:19:30
932	C736	Unoccupied	-37.8135074047105	144.968421597266	2019-01-10 05:19:30
4897	9319S	Unoccupied	-37.829481318964	144.968603039303	2019-01-10 05:19:30
4197	C6670	Unoccupied	-37.8087107056544	144.958544169892	2019-01-10 05:19:30
5259	4517W	Unoccupied	-37.8111487507974	144.953185991237	2019-01-10 05:19:30
4861	9264N	Unoccupied	-37.8289048214764	144.970152542025	2019-01-10 05:19:30
5895	C9020	Unoccupied	-37.8028724764796	144.967030038271	2019-01-10 05:19:30
5331	7849W	Unoccupied	-37.8271982608664	144.971151216501	2019-01-10 05:19:30
763	C296	Present	-37.8147802797714	144.9718104006	2019-01-10 05:19:30
1655	2145S	Present	-37.8128199271902	144.971890435491	2019-01-10 05:19:30
2474	C2838	Unoccupied	-37.8105407813674	144.968194683172	2019-01-10 05:19:30
6612	13853S	Unoccupied	-37.8141137171321	144.941568276503	2019-01-10 05:19:30
6251	13406E	Present	-37.8192280280165	144.947370832639	2019-01-10 05:19:30
6191	13272N	Unoccupied	-37.8201829239634	144.942295704252	2019-01-10 05:19:30
6833	14026E	Unoccupied	-37.797022134157	144.958101108712	2019-01-10 05:19:30
6629	13916E	Unoccupied	-37.8136708250795	144.942058226699	2019-01-10 05:19:30
4361	C7156	Unoccupied	-37.8071231020012	144.95381396512	2019-01-10 05:19:30
6226	13330E	Unoccupied	-37.8167938676745	144.945843226769	2019-01-10 05:19:30
6229	13336E	Unoccupied	-37.8166259349559	144.945769075756	2019-01-10 05:19:30
6270	13343W	Unoccupied	-37.8193114248518	144.948417139979	2019-01-10 05:19:30
6282	13442E	Unoccupied	-37.8191065379452	144.948622362213	2019-01-10 05:19:30
6279	13436E	Unoccupied	-37.8189230570507	144.948615365732	2019-01-10 05:19:30
5127	9940N	Unoccupied	-37.8258780365956	144.967529060902	2019-01-10 05:19:30
4400	C7234	Unoccupied	-37.807887745195	144.952243431216	2019-01-10 05:19:30
624	82E	Unoccupied	-37.808951300617	144.972055561802	2019-01-10 05:19:30
840	C616	Unoccupied	-37.8087038221335	144.969019571259	2019-01-10 05:19:30
3049	5154E	Unoccupied	-37.8027480413169	144.956954898816	2019-01-10 05:19:30
6648	13624E	Unoccupied	-37.8193698357853	144.943605479654	2019-01-10 05:19:30
5887	12907S	Unoccupied	-37.7985461651046	144.965238135431	2019-01-10 05:19:30
6874	14108E	Unoccupied	-37.7944268848221	144.958419116836	2019-01-10 05:19:30
5921	12808N	Unoccupied	-37.802816910343	144.967413353166	2019-01-10 05:19:30
5386	11709W	Unoccupied	-37.8099912778027	144.97273559548	2019-01-10 05:19:30
865	690E	Unoccupied	-37.8140956837837	144.968817190439	2019-01-10 05:19:30
3574	7120N	Unoccupied	-37.8082029736561	144.953267599933	2019-01-10 05:19:30
4800	9120N	Present	-37.8301355732354	144.970271811397	2019-01-10 05:19:30
5111	9914N	Unoccupied	-37.8255698776348	144.968567031263	2019-01-10 05:19:30
3416	6265S	Present	-37.8077532063128	144.966157642563	2019-01-10 05:19:30
4808	9136N	Present	-37.830245537569	144.969898723507	2019-01-10 05:19:30
3367	6177W	Unoccupied	-37.8041115725158	144.943167509782	2019-01-10 05:19:30
2745	4572E	Unoccupied	-37.80815455216	144.966094570264	2019-01-10 05:19:30
5314	7815W	Unoccupied	-37.8293981638033	144.971034672627	2019-01-10 05:19:30
1979	3390N	Unoccupied	-37.809958781983	144.966291320906	2019-01-10 05:19:30
4809	9138N	Unoccupied	-37.8302502160142	144.96986798925	2019-01-10 05:19:30
3371	6187W	Unoccupied	-37.8066522349164	144.951141482802	2019-01-10 05:19:30
1015	968E	Unoccupied	-37.8116809432104	144.962083788146	2019-01-10 05:19:30
3207	5468E	Unoccupied	-37.8073709847213	144.954530364101	2019-01-10 05:19:30
2914	4886E	Unoccupied	-37.8083196040447	144.958024790038	2019-01-10 05:19:30
1728	2334N	Unoccupied	-37.8117126884781	144.971545848551	2019-01-10 05:19:30
3870	C5636	Unoccupied	-37.8069157456074	144.954964311905	2019-01-10 05:19:30
5123	9936N	Unoccupied	-37.8258633370835	144.967579315478	2019-01-10 05:19:30
6265	13333W	Unoccupied	-37.8190322564025	144.948406318121	2019-01-10 05:19:30
748	C232	Present	-37.8155529639495	144.972169361976	2019-01-10 05:19:30
3936	C5788	Unoccupied	-37.8041101828528	144.955462818528	2019-01-10 05:19:30
3594	7329W	Unoccupied	-37.8055645772432	144.949224672177	2019-01-10 05:19:30
4181	C6632	Unoccupied	-37.8084514845602	144.959439013121	2019-01-10 05:19:30
5856	C9146	Unoccupied	-37.7984276008824	144.964987391501	2019-01-10 05:19:30
4180	C6628	Unoccupied	-37.8084427544022	144.959469147502	2019-01-10 05:19:30
5900	C9040	Unoccupied	-37.8028934166234	144.967220472959	2019-01-10 05:19:30
569	103W	Unoccupied	-37.8080633892074	144.971397142288	2019-01-10 05:19:30
6586	13781W	Unoccupied	-37.813333393817	144.940801968157	2019-01-10 05:19:30
1744	2357S	Present	-37.8122656011792	144.970216968069	2019-01-10 05:19:30
6135	C13644	Present	-37.8197737307148	144.944014505522	2019-01-10 05:19:30
2297	2793S	Unoccupied	-37.8104679514342	144.96879189632	2019-01-10 05:19:30
2289	2682N	Unoccupied	-37.8097170899635	144.970678862341	2019-01-10 05:19:30
6306	13369W	Unoccupied	-37.8196140336934	144.949728242538	2019-01-10 05:19:30
6362	13308N	Unoccupied	-37.8217202164178	144.951125926946	2019-01-10 05:19:30
6101	C13500	Unoccupied	-37.819219255632	144.945932891115	2019-01-10 05:19:30
5141	9954N	Unoccupied	-37.8259294802242	144.967352587611	2019-01-10 05:19:30
3512	6667S	Present	-37.8088608478039	144.958366111903	2019-01-10 05:19:30
4817	9196N	Unoccupied	-37.8311027569864	144.966938401447	2019-01-10 05:19:30
6113	C13548	Unoccupied	-37.8193427664493	144.945504824282	2019-01-10 05:19:30
5352	8885W	Unoccupied	-37.8249460757166	144.961118019483	2019-01-10 05:19:30
681	291W	Unoccupied	-37.8147058020079	144.971657404204	2019-01-10 05:19:30
6749	6629S	Unoccupied	-37.8085584775537	144.959411194292	2019-01-10 05:19:30
5311	7809W	Unoccupied	-37.8295603091707	144.97103506472	2019-01-10 05:19:30
3491	6575S	Unoccupied	-37.808372609346	144.960057056718	2019-01-10 05:19:30
4806	9132N	Unoccupied	-37.8301884942284	144.970075964601	2019-01-10 05:19:30
4829	9222N	Unoccupied	-37.8312575581827	144.966409951739	2019-01-10 05:19:30
4813	9188N	Unoccupied	-37.8310601763004	144.967084408759	2019-01-10 05:19:30
5872	C9190	Unoccupied	-37.7984751373938	144.965425590596	2019-01-10 05:19:30
3857	C5610	Unoccupied	-37.8072907547899	144.954897278809	2019-01-10 05:19:30
4021	C6080	Present	-37.8050957859958	144.952273134583	2019-01-10 05:19:30
6073	13211S	Unoccupied	-37.8187786737954	144.947798638235	2019-01-10 05:19:30
743	C212	Present	-37.8157266076565	144.972249999529	2019-01-10 05:19:30
3987	C5942	Unoccupied	-37.8040753970715	144.953967100961	2019-01-10 05:19:30
4128	C6418	Unoccupied	-37.803541544616	144.951042500137	2019-01-10 05:19:30
4249	C6830	Unoccupied	-37.8093663833628	144.955643730363	2019-01-10 05:19:30
1538	1903S	Unoccupied	-37.8142409264922	144.971088821016	2019-01-10 05:19:30
830	C576	Unoccupied	-37.8092802487976	144.969284299455	2019-01-10 05:19:30
3897	C5706	Unoccupied	-37.8060670373135	144.955116004495	2019-01-10 05:19:30
6259	13422E	Unoccupied	-37.8198694152596	144.94805364401	2019-01-10 05:19:30
1531	1895S	Unoccupied	-37.8139541601139	144.972059867961	2019-01-10 05:19:30
3530	7021S	Present	-37.8074554655495	144.958911892288	2019-01-10 05:19:30
2667	10176E	Unoccupied	-37.8041589792818	144.949523021068	2019-01-10 05:19:30
6077	13219S	Unoccupied	-37.8188927968395	144.947399015045	2019-01-10 05:19:30
5237	11528N	Unoccupied	-37.8119612396666	144.951246571218	2019-01-10 05:19:30
6641	13623W	Unoccupied	-37.8193942701046	144.943454898949	2019-01-10 05:19:30
3376	6195W	Unoccupied	-37.8065444106876	144.951092635389	2019-01-10 05:19:30
6535	13772E	Unoccupied	-37.8134606529363	144.939370279673	2019-01-10 05:19:30
1828	2493S	Unoccupied	-37.8104581945433	144.972375696811	2019-01-10 05:19:30
3285	5852E	Unoccupied	-37.8064391662868	144.953578246459	2019-01-10 05:19:30
4309	C6954	Unoccupied	-37.8092503790405	144.956014759611	2019-01-10 05:19:30
2292	2694N	Unoccupied	-37.8097759700108	144.970479215594	2019-01-10 05:19:30
3942	C5800	Unoccupied	-37.8039327839665	144.955494707572	2019-01-10 05:19:30
6707	C530	Unoccupied	-37.8103506696516	144.969774482755	2019-01-10 05:19:30
3229	5590E	Unoccupied	-37.8060872004843	144.953944570274	2019-01-10 05:19:30
3089	5234E	Unoccupied	-37.80523891045	144.957305867452	2019-01-10 05:19:30
6106	C13520	Unoccupied	-37.8192649105258	144.945774544848	2019-01-10 05:19:30
1734	2341S	Unoccupied	-37.8119226777812	144.971384445823	2019-01-10 05:19:30
5049	9826N	Unoccupied	-37.8250635274385	144.970301403003	2019-01-10 05:19:30
4838	9238N	Unoccupied	-37.8287365561408	144.970731046958	2019-01-10 05:19:30
2749	4580E	Unoccupied	-37.8079392708233	144.965995964328	2019-01-10 05:19:30
6821	14002E	Present	-37.7987000992155	144.957893690085	2019-01-10 05:19:30
5053	9830N	Unoccupied	-37.8250796822433	144.970245633464	2019-01-10 05:19:30
6155	C13724	Unoccupied	-37.8200714812518	144.942982868121	2019-01-10 05:19:30
3275	5834E	Present	-37.8066680872769	144.953538308236	2019-01-10 05:19:30
752	C248	Unoccupied	-37.8154335690182	144.972114622996	2019-01-10 05:19:30
2452	C2780	Unoccupied	-37.8102864437779	144.969062430318	2019-01-10 05:19:30
5330	7847W	Unoccupied	-37.8272493327664	144.971151763696	2019-01-10 05:19:30
3545	7065S	Unoccupied	-37.8087479637595	144.954357426223	2019-01-10 05:19:30
3527	7015S	Unoccupied	-37.8073945970534	144.95912111952	2019-01-10 05:19:30
3529	7019S	Unoccupied	-37.8074317216375	144.958993509489	2019-01-10 05:19:30
3965	C5898	Unoccupied	-37.8047286668015	144.953850533692	2019-01-10 05:19:30
3889	C5680	Unoccupied	-37.8063450347677	144.955066309004	2019-01-10 05:19:30
4241	C6808	Unoccupied	-37.8093310426135	144.956650701073	2019-01-10 05:19:30
6828	14016E	Present	-37.7976193760981	144.958027974922	2019-01-10 05:19:30
1891	1006E	Present	-37.8180898935798	144.962759786932	2019-01-10 05:19:30
4193	C6656	Present	-37.8085846474775	144.958979336965	2019-01-10 05:19:30
5224	11502N	Unoccupied	-37.8115433898531	144.952723743659	2019-01-10 05:19:30
5181	C8014	Unoccupied	-37.8105006285577	144.952372727465	2019-01-10 05:19:30
3366	6175W	Unoccupied	-37.8041616949371	144.943158608334	2019-01-10 05:19:30
5272	4505W	Unoccupied	-37.8117618461733	144.953471667716	2019-01-10 05:19:30
4421	C7682	Unoccupied	-37.8036820082125	144.955248660678	2019-01-10 05:19:30
4372	C7178	Unoccupied	-37.8074396252151	144.95316624247	2019-01-10 05:19:30
6587	13783W	Unoccupied	-37.8132804899344	144.940770117987	2019-01-10 05:19:30
1414	1609S	Unoccupied	-37.816337892735	144.971592516078	2019-01-10 05:19:30
6312	13381W	Present	-37.8203978369082	144.950346148166	2019-01-10 05:19:30
6631	13920E	Present	-37.8139704091213	144.942550328764	2019-01-10 05:19:30
6634	13919W	Unoccupied	-37.8140220110445	144.942497602626	2019-01-10 05:19:30
1307	1301W	Unoccupied	-37.818291995267	144.959282558618	2019-01-10 05:19:30
1648	2127S	Unoccupied	-37.8124694774765	144.973090238412	2019-01-10 05:19:30
5235	11524N	Present	-37.811914426808	144.951412164685	2019-01-10 05:19:30
6470	13800N	Unoccupied	-37.8137853992378	144.940146897236	2019-01-10 05:19:30
4819	9200N	Unoccupied	-37.8311241009031	144.966865216453	2019-01-10 05:19:30
5268	4535W	Unoccupied	-37.8106451442384	144.952951057996	2019-01-10 05:19:30
2750	4586E	Unoccupied	-37.8075592755253	144.965895027082	2019-01-10 05:19:30
4797	9112N	Unoccupied	-37.830037679727	144.970562190024	2019-01-10 05:19:30
4978	9407S	Present	-37.8299089040488	144.967129284379	2019-01-10 05:19:30
3401	6243W	Present	-37.8058317037506	144.950768320702	2019-01-10 05:19:30
3633	7584N	Unoccupied	-37.805591744547	144.954225642303	2019-01-10 05:19:30
4939	9365S	Unoccupied	-37.8296964576751	144.967861473477	2019-01-10 05:19:30
6923	746E	Unoccupied	-37.8133088544587	144.968456793461	2019-01-10 05:19:30
874	770E	Present	-37.8124604274998	144.968064671792	2019-01-10 05:19:30
2421	C2668	Unoccupied	-37.8096758948948	144.971159909861	2019-01-10 05:19:30
3919	C5752	Unoccupied	-37.8047467186264	144.955348371426	2019-01-10 05:19:30
5125	9938N	Unoccupied	-37.8258707257629	144.967554311596	2019-01-10 05:19:30
5063	9840N	Present	-37.8251441830609	144.970024487762	2019-01-10 05:19:30
6905	14257W	Unoccupied	-37.7946277396621	144.964882398731	2019-01-10 05:19:30
953	C818	Present	-37.811306870582	144.967412216492	2019-01-10 05:19:30
774	C340	Unoccupied	-37.8143920710736	144.971630439638	2019-01-10 05:19:30
5146	9962N	Unoccupied	-37.8259591078578	144.967250844215	2019-01-10 05:19:30
649	C140	Unoccupied	-37.8086601800454	144.971799320293	2019-01-10 05:19:30
4084	C6282	Unoccupied	-37.8050203582241	144.950781348547	2019-01-10 05:19:30
5926	12813S	Unoccupied	-37.8030423180398	144.967727689398	2019-01-10 05:19:30
1013	961W	Unoccupied	-37.8119649557778	144.962005388593	2019-01-10 05:19:30
6482	13709W	Unoccupied	-37.8156401719458	144.936910080969	2019-01-10 05:19:30
6384	13631W	Unoccupied	-37.8203394781456	144.944460409404	2019-01-10 05:19:30
6838	14036E	Unoccupied	-37.7967601919101	144.95813214056	2019-01-10 05:19:30
3772	C4896	Present	-37.8081667525998	144.957872731508	2019-01-10 05:19:30
3770	C4888	Present	-37.8082733209356	144.957854167813	2019-01-10 05:19:30
6021	13041S	Unoccupied	-37.8212427462549	144.946946550207	2019-01-10 05:19:30
6078	13221S	Unoccupied	-37.8189106811825	144.947337625731	2019-01-10 05:19:30
6406	13648E	Unoccupied	-37.8205073770075	144.945538222751	2019-01-10 05:19:30
6195	13303W	Unoccupied	-37.8206795643909	144.947247557821	2019-01-10 05:19:30
6274	13351W	Unoccupied	-37.8196908944391	144.948432455488	2019-01-10 05:19:30
6630	13918E	Present	-37.8139161126845	144.942466930008	2019-01-10 05:19:30
6272	13347W	Unoccupied	-37.8194262429445	144.948421327101	2019-01-10 05:19:30
5884	12901S	Unoccupied	-37.7985176714065	144.964979720459	2019-01-10 05:19:30
4574	8015W	Unoccupied	-37.8297404709266	144.969025927451	2019-01-10 05:19:30
1535	1899S	Unoccupied	-37.813994871232	144.971921463921	2019-01-10 05:19:30
6862	14084E	Unoccupied	-37.7951975469076	144.95832357185	2019-01-10 05:19:30
4563	8004E	Present	-37.8301034683495	144.969314378909	2019-01-10 05:19:30
1009	954E	Unoccupied	-37.8128035892878	144.962600742461	2019-01-10 05:19:30
4848	9248N	Unoccupied	-37.828783499981	144.97055814106	2019-01-10 05:19:30
3615	7563S	Unoccupied	-37.8059323978607	144.955617866224	2019-01-10 05:19:30
625	83W	Unoccupied	-37.8090375230668	144.971847853705	2019-01-10 05:19:30
2307	2845S	Unoccupied	-37.8106564075544	144.968150885362	2019-01-10 05:19:30
2308	2846N	Unoccupied	-37.8104822888664	144.968073146551	2019-01-10 05:19:30
3108	5265W	Unoccupied	-37.804663247208	144.957285782065	2019-01-10 05:19:30
2644	10118E	Present	-37.8033077971092	144.948188158735	2019-01-10 05:19:30
4560	8001W	Unoccupied	-37.830181064754	144.969230231049	2019-01-10 05:19:30
4055	C6148	Unoccupied	-37.8041791272602	144.952435934559	2019-01-10 05:19:30
3034	5134E	Unoccupied	-37.8030426634852	144.957091700453	2019-01-10 05:19:30
6110	C13536	Unoccupied	-37.8193077106521	144.945626163765	2019-01-10 05:19:30
6830	14020E	Unoccupied	-37.797184066627	144.958080473333	2019-01-10 05:19:30
5176	C8004	Unoccupied	-37.8104360564656	144.952602781732	2019-01-10 05:19:30
3617	7565S	Unoccupied	-37.8059256716833	144.955557243624	2019-01-10 05:19:30
6143	C13676	Unoccupied	-37.8199523733861	144.943392422545	2019-01-10 05:19:30
4716	8664E	Present	-37.8254002245953	144.962875638678	2019-01-10 05:19:30
607	59W	Unoccupied	-37.8108313085731	144.972700761036	2019-01-10 05:19:30
3975	C5918	Unoccupied	-37.8044328184247	144.953903507195	2019-01-10 05:19:30
1992	3410N	Unoccupied	-37.8101870496124	144.965509596621	2019-01-10 05:19:30
5890	C9000	Unoccupied	-37.8028519401346	144.966843072211	2019-01-10 05:19:30
6753	13090N	Unoccupied	-37.8213667747026	144.944742559935	2019-01-10 05:19:30
6241	13358E	Unoccupied	-37.8220384930103	144.947798150801	2019-01-10 05:19:30
942	C766	Unoccupied	-37.8132278864475	144.968293119996	2019-01-10 05:19:30
6026	13063S	Unoccupied	-37.821505943227	144.945952386573	2019-01-10 05:19:30
6439	13705W	Present	-37.8196430342485	144.94586756335	2019-01-10 05:19:30
954	C822	Present	-37.8112575098866	144.967389631627	2019-01-10 05:19:30
913	C672	Unoccupied	-37.8143839638937	144.968823583142	2019-01-10 05:19:30
2677	10186E	Unoccupied	-37.8038968513961	144.949569219826	2019-01-10 05:19:30
6079	13223S	Unoccupied	-37.8189278436203	144.947279077503	2019-01-10 05:19:30
6218	13314E	Unoccupied	-37.8196921649162	144.947081018409	2019-01-10 05:19:30
6373	13604E	Unoccupied	-37.8203624747225	144.944026271268	2019-01-10 05:19:30
3929	C5774	Unoccupied	-37.8043684478013	144.9554163933	2019-01-10 05:19:30
5248	11521S	Unoccupied	-37.811825749221	144.952141626806	2019-01-10 05:19:30
4927	9349S	Unoccupied	-37.8296270365529	144.968115175044	2019-01-10 05:19:30
4857	9260N	Unoccupied	-37.8288838102151	144.970224888201	2019-01-10 05:19:30
4915	9337S	Unoccupied	-37.8295609536743	144.968328553509	2019-01-10 05:19:30
790	C404	Unoccupied	-37.8129631780847	144.970974250058	2019-01-10 05:19:30
1659	2153S	Unoccupied	-37.8129028936706	144.971606511061	2019-01-10 05:19:30
825	C556	Unoccupied	-37.8094740766329	144.969373417691	2019-01-10 05:19:30
2647	10121W	Unoccupied	-37.8032043159316	144.94797216602	2019-01-10 05:19:30
1964	3344N	Unoccupied	-37.8089512838793	144.969737613396	2019-01-10 05:19:30
5321	7829W	Unoccupied	-37.8280526257626	144.971104062012	2019-01-10 05:19:30
6495	13715W	Unoccupied	-37.8158405634147	144.938054520411	2019-01-10 05:19:30
6920	10051S	Unoccupied	-37.8219999640245	144.963187325449	2019-01-10 05:19:30
570	105W	Present	-37.8080151221337	144.971375042172	2019-01-10 05:19:30
4013	C6064	Unoccupied	-37.8058379283115	144.952144069604	2019-01-10 05:19:30
3601	7336E	Unoccupied	-37.805378105062	144.949331232035	2019-01-10 05:19:30
4909	9331S	Unoccupied	-37.8295339388704	144.968421675864	2019-01-10 05:19:30
2688	10197W	Unoccupied	-37.8036096348628	144.949429765118	2019-01-10 05:19:30
626	85W	Present	-37.8089870331234	144.971824432985	2019-01-10 05:19:30
5131	9944N	Unoccupied	-37.8258926748191	144.967478835499	2019-01-10 05:19:30
5001	9433S	Unoccupied	-37.8301729020749	144.966215055735	2019-01-10 05:19:30
2653	10155W	Unoccupied	-37.8047626983818	144.94922777134	2019-01-10 05:19:30
4253	C6838	Unoccupied	-37.8092895324736	144.955657550743	2019-01-10 05:19:30
3176	5384E	Unoccupied	-37.8053108181468	144.956254808557	2019-01-10 05:19:30
3922	C5760	Unoccupied	-37.8046484232332	144.955366039872	2019-01-10 05:19:30
3010	5080E	Unoccupied	-37.8047886926202	144.957899091111	2019-01-10 05:19:30
6900	14247W	Unoccupied	-37.7950249645209	144.964827288176	2019-01-10 05:19:30
4981	9411S	Unoccupied	-37.8300629099861	144.966611292916	2019-01-10 05:19:30
4131	C6428	Unoccupied	-37.8034732653487	144.951054715571	2019-01-10 05:19:30
6411	13658E	Unoccupied	-37.8199168392084	144.945384239163	2019-01-10 05:19:30
4069	C6176	Unoccupied	-37.8037357974391	144.952514200072	2019-01-10 05:19:30
654	C160	Unoccupied	-37.8083226488282	144.971644414558	2019-01-10 05:19:30
5166	C2676	Unoccupied	-37.8097237639844	144.970996383419	2019-01-10 05:19:30
6281	13440E	Unoccupied	-37.8190453779478	144.948620030051	2019-01-10 05:19:30
5917	12804N	Unoccupied	-37.8027954891266	144.967216314509	2019-01-10 05:19:30
6038	13087S	Unoccupied	-37.8211035287695	144.942886055158	2019-01-10 05:19:30
6621	13874N	Unoccupied	-37.8139489603224	144.941829587415	2019-01-10 05:19:30
5903	C9052	Unoccupied	-37.8029183591338	144.967447363027	2019-01-10 05:19:30
6278	13434E	Unoccupied	-37.818861896151	144.948613033562	2019-01-10 05:19:30
6438	13703W	Unoccupied	-37.8196970365327	144.945881586016	2019-01-10 05:19:30
6103	C13508	Unoccupied	-37.8192372038767	144.945870587645	2019-01-10 05:19:30
2299	2798N	Present	-37.8103036623336	144.968681440637	2019-01-10 05:19:30
2097	3607S	Unoccupied	-37.8077966431691	144.970212534865	2019-01-10 05:19:30
2293	2698N	Present	-37.8097954534028	144.970413220722	2019-01-10 05:19:30
680	289W	Unoccupied	-37.8147535201408	144.971679604381	2019-01-10 05:19:30
2904	4870E	Unoccupied	-37.8086195428474	144.957972341354	2019-01-10 05:19:30
4727	8676E	Present	-37.8252816225501	144.963014768472	2019-01-10 05:19:30
4694	8640E	Unoccupied	-37.8256343979623	144.962598438929	2019-01-10 05:19:30
2657	10162E	Unoccupied	-37.8045914744954	144.949447636224	2019-01-10 05:19:30
4824	9212N	Unoccupied	-37.831177394135	144.966682481719	2019-01-10 05:19:30
6283	13444E	Unoccupied	-37.8191641341279	144.948624540277	2019-01-10 05:19:30
1647	2125S	Unoccupied	-37.8124505214299	144.973155141031	2019-01-10 05:19:30
6517	13748E	Unoccupied	-37.8128124225477	144.93655835966	2019-01-10 05:19:30
6536	13774E	Unoccupied	-37.8133645499988	144.939311358885	2019-01-10 05:19:30
3103	5259W	Present	-37.8048289299579	144.957254100496	2019-01-10 05:19:30
984	912E	Present	-37.816808953141	144.964436062002	2019-01-10 05:19:30
6466	13819S	Present	-37.8151344966335	144.937127631853	2019-01-10 05:19:30
3394	6231W	Unoccupied	-37.8059838895062	144.950837410876	2019-01-10 05:19:30
635	95W	Unoccupied	-37.8087350825426	144.971708289176	2019-01-10 05:19:30
2734	4386E	Present	-37.8087240836314	144.960731145222	2019-01-10 05:19:30
4913	9335S	Unoccupied	-37.8295519184471	144.968359700987	2019-01-10 05:19:30
6666	9359S	Unoccupied	-37.8296685840769	144.967957551656	2019-01-10 05:19:30
3730	7784N	Unoccupied	-37.8024311243321	144.944824814718	2019-01-10 05:19:30
633	93W	Unoccupied	-37.8087849080028	144.971731269522	2019-01-10 05:19:30
3020	5102E	Unoccupied	-37.8043562615326	144.957702355467	2019-01-10 05:19:30
3018	5098E	Unoccupied	-37.8044120307609	144.957727465781	2019-01-10 05:19:30
873	769W	Unoccupied	-37.8123687804241	144.967773815418	2019-01-10 05:19:30
4106	C6356	Unoccupied	-37.8041944141447	144.950926551426	2019-01-10 05:19:30
5116	9924N	Unoccupied	-37.8256099363252	144.968429396669	2019-01-10 05:19:30
3923	C5762	Present	-37.8046243410206	144.955370368737	2019-01-10 05:19:30
5104	9902N	Unoccupied	-37.8255215748259	144.968732102291	2019-01-10 05:19:30
1984	3400N	Unoccupied	-37.810053594579	144.965966912894	2019-01-10 05:19:30
4088	C6296	Present	-37.8048136386609	144.950817900399	2019-01-10 05:19:30
3896	C5704	Unoccupied	-37.806092441005	144.955111457919	2019-01-10 05:19:30
3037	5140E	Unoccupied	-37.8029737255329	144.957059689914	2019-01-10 05:19:30
5894	C9016	Unoccupied	-37.8028690318989	144.966998778348	2019-01-10 05:19:30
5273	4507W	Unoccupied	-37.8117111445199	144.953448039209	2019-01-10 05:19:30
741	C204	Present	-37.815772942559	144.972270905326	2019-01-10 05:19:30
6121	C13588	Unoccupied	-37.8195118846605	144.944920089991	2019-01-10 05:19:30
3706	7672N	Unoccupied	-37.8037886835662	144.957051997539	2019-01-10 05:19:30
4567	8008E	Unoccupied	-37.8299953543411	144.969263789973	2019-01-10 05:19:30
4242	C6812	Unoccupied	-37.8093277933375	144.956621899214	2019-01-10 05:19:30
5346	8873W	Present	-37.8253918205748	144.96059340884	2019-01-10 05:19:30
6292	13462E	Present	-37.8200537563283	144.948658859673	2019-01-10 05:19:30
2642	10116E	Unoccupied	-37.8033618942554	144.948178476506	2019-01-10 05:19:30
6756	13095W	Unoccupied	-37.8211244142876	144.944279667739	2019-01-10 05:19:30
6295	13269S	Unoccupied	-37.8195908978404	144.949171441206	2019-01-10 05:19:30
6092	13251S	Unoccupied	-37.8201152524229	144.943151774998	2019-01-10 05:19:30
6410	13656E	Unoccupied	-37.8199721883203	144.945397879138	2019-01-10 05:19:30
6680	8634E	Present	-37.8256924351884	144.962529140519	2019-01-10 05:19:30
3534	7029S	Unoccupied	-37.8075313385686	144.958651088605	2019-01-10 05:19:30
679	287W	Unoccupied	-37.8148033831453	144.971702877484	2019-01-10 05:19:30
857	673W	Unoccupied	-37.8144128511881	144.968714395084	2019-01-10 05:19:30
6889	14225W	Unoccupied	-37.7957545916718	144.964703417255	2019-01-10 05:19:30
6205	13323W	Unoccupied	-37.8199026215904	144.946976253642	2019-01-10 05:19:30
6414	13664E	Unoccupied	-37.8197506325502	144.945339994109	2019-01-10 05:19:30
2326	2895S	Unoccupied	-37.8111887312552	144.966314069523	2019-01-10 05:19:30
610	65W	Unoccupied	-37.8102492521867	144.972406801372	2019-01-10 05:19:30
2290	2686N	Present	-37.809737084182	144.970611095346	2019-01-10 05:19:30
696	425W	Unoccupied	-37.8127951421383	144.970770586125	2019-01-10 05:19:30
869	738E	Present	-37.8134107772366	144.968503167018	2019-01-10 05:19:30
6297	13273S	Unoccupied	-37.8195475558876	144.949323217072	2019-01-10 05:19:30
3124	5290E	Unoccupied	-37.8044573991219	144.957457008063	2019-01-10 05:19:30
3119	5280E	Unoccupied	-37.8045677301565	144.957435923355	2019-01-10 05:19:30
5307	9527S	Unoccupied	-37.8282861396514	144.965512025833	2019-01-10 05:19:30
6147	C13692	Unoccupied	-37.8199957899121	144.943243137328	2019-01-10 05:19:30
4010	C6058	Present	-37.8059073355124	144.952131579965	2019-01-10 05:19:30
4017	C6072	Unoccupied	-37.8051884150243	144.952256461474	2019-01-10 05:19:30
3632	7582N	Unoccupied	-37.8055993894373	144.954293099286	2019-01-10 05:19:30
4027	C6092	Present	-37.8049566304411	144.952298198986	2019-01-10 05:19:30
4424	C7688	Unoccupied	-37.803671255555	144.955153780788	2019-01-10 05:19:30
5096	9894N	Unoccupied	-37.8254892375348	144.968842673928	2019-01-10 05:19:30
5308	9525S	Unoccupied	-37.8282924640653	144.965539071808	2019-01-10 05:19:30
5067	9844N	Unoccupied	-37.8251602660638	144.96996859355	2019-01-10 05:19:30
4346	C7046	Unoccupied	-37.8075248306049	144.958348972788	2019-01-10 05:19:30
4350	C7116	Unoccupied	-37.808045146387	144.954039594624	2019-01-10 05:19:30
6309	13375W	Unoccupied	-37.8198141660507	144.949885833992	2019-01-10 05:19:30
2481	C2858	Unoccupied	-37.8106397904927	144.967858284503	2019-01-10 05:19:30
4440	C7726	Present	-37.8032912270743	144.951759983919	2019-01-10 05:19:30
2484	C2866	Unoccupied	-37.8106740173744	144.967738487379	2019-01-10 05:19:30
5904	C9056	Present	-37.8029217623924	144.967478390298	2019-01-10 05:19:30
770	C324	Unoccupied	-37.8145193541172	144.971689344872	2019-01-10 05:19:30
6308	13373W	Unoccupied	-37.8197561121528	144.949840259173	2019-01-10 05:19:30
6257	13418E	Unoccupied	-37.8197827861094	144.947961456815	2019-01-10 05:19:30
2680	10189W	Unoccupied	-37.8038268215942	144.9493915099	2019-01-10 05:19:30
6236	13350E	Unoccupied	-37.8157330349197	144.945375610036	2019-01-10 05:19:30
3908	C5730	Unoccupied	-37.805152665985	144.955275401065	2019-01-10 05:19:30
6119	C13580	Unoccupied	-37.8194936825466	144.944982933771	2019-01-10 05:19:30
5925	12812N	Unoccupied	-37.8028319358236	144.96754488511	2019-01-10 05:19:30
6467	13821S	Unoccupied	-37.8151605350658	144.937060474644	2019-01-10 05:19:30
6607	13843S	Unoccupied	-37.8145563656294	144.940436114745	2019-01-10 05:19:30
2678	10187W	Unoccupied	-37.803879688972	144.949382197542	2019-01-10 05:19:30
4048	C6134	Unoccupied	-37.8043391214927	144.952407457737	2019-01-10 05:19:30
6227	13332E	Unoccupied	-37.8167378899528	144.945818509531	2019-01-10 05:19:30
2630	10009W	Unoccupied	-37.8045890788931	144.947727587994	2019-01-10 05:19:30
1501	1858N	Unoccupied	-37.8190086018438	144.958261534799	2019-01-10 05:19:30
5252	11529S	Unoccupied	-37.8119334870949	144.951759741797	2019-01-10 05:19:30
3374	6191W	Unoccupied	-37.8065867991488	144.951111855058	2019-01-10 05:19:30
3943	C5854	Unoccupied	-37.8053628425862	144.953737220727	2019-01-10 05:19:30
2670	10179W	Unoccupied	-37.8040942846737	144.94934440011	2019-01-10 05:19:30
2651	10151W	Unoccupied	-37.8048722721846	144.949207852519	2019-01-10 05:19:30
3114	5271W	Unoccupied	-37.8044975644314	144.957317462884	2019-01-10 05:19:30
2754	4594E	Unoccupied	-37.8073508926033	144.965921960655	2019-01-10 05:19:30
3100	5256E	Unoccupied	-37.8049328081475	144.957366043353	2019-01-10 05:19:30
2302	2822N	Unoccupied	-37.8103969824849	144.968363296714	2019-01-10 05:19:30
2315	2856N	Present	-37.8105556049436	144.967823699744	2019-01-10 05:19:30
1955	3325S	Unoccupied	-37.8088213601012	144.970365042337	2019-01-10 05:19:30
2738	4559W	Unoccupied	-37.8086720630931	144.966082501916	2019-01-10 05:19:30
1967	3348N	Unoccupied	-37.8089883957604	144.969609643073	2019-01-10 05:19:30
3112	5269W	Unoccupied	-37.8045527918819	144.95730690244	2019-01-10 05:19:30
3098	5252E	Unoccupied	-37.8050338200103	144.957346057052	2019-01-10 05:19:30
4895	9317S	Unoccupied	-37.8294721499066	144.968634634633	2019-01-10 05:19:30
6746	6623S	Unoccupied	-37.8085009607215	144.959611120031	2019-01-10 05:19:30
3414	6263S	Unoccupied	-37.8077434105887	144.966190752682	2019-01-10 05:19:30
6664	9353S	Present	-37.8296408414005	144.968053179082	2019-01-10 05:19:30
726	570E	Unoccupied	-37.8092353655063	144.969382459901	2019-01-10 05:19:30
5356	8893W	Unoccupied	-37.8247933840999	144.961297474839	2019-01-10 05:19:30
3031	5131W	Unoccupied	-37.8031597115476	144.957020800979	2019-01-10 05:19:30
5351	8883W	Unoccupied	-37.82498280808	144.96107478377	2019-01-10 05:19:30
3724	7737S	Unoccupied	-37.8032540162014	144.950588344975	2019-01-10 05:19:30
881	787W	Unoccupied	-37.8116014780796	144.967423190723	2019-01-10 05:19:30
4432	C7704	Unoccupied	-37.803625359606	144.954749566661	2019-01-10 05:19:30
3228	5586E	Unoccupied	-37.8061385511519	144.953968010522	2019-01-10 05:19:30
3356	6044E	Unoccupied	-37.8061141866633	144.952212616724	2019-01-10 05:19:30
6138	C13656	Unoccupied	-37.8198038975035	144.943910872274	2019-01-10 05:19:30
4220	C6744	Present	-37.8093836462349	144.957116961287	2019-01-10 05:19:30
3951	C5870	Unoccupied	-37.8051675735303	144.953772105024	2019-01-10 05:19:30
4198	C6674	Unoccupied	-37.8087194133222	144.958514318013	2019-01-10 05:19:30
6122	C13592	Unoccupied	-37.8195280019168	144.944864549255	2019-01-10 05:19:30
742	C208	Unoccupied	-37.8157504374471	144.972260682858	2019-01-10 05:19:30
5850	C9102	Unoccupied	-37.7983880915085	144.964619500983	2019-01-10 05:19:30
632	91W	Unoccupied	-37.8088357154452	144.971754714766	2019-01-10 05:19:30
5178	C8008	Unoccupied	-37.8104534738707	144.952540752853	2019-01-10 05:19:30
6152	C13712	Unoccupied	-37.8200472933127	144.943066044064	2019-01-10 05:19:30
4259	C6850	Unoccupied	-37.8091676350601	144.955679534035	2019-01-10 05:19:30
5094	9892N	Unoccupied	-37.8254812395915	144.968870220047	2019-01-10 05:19:30
5864	C9158	Unoccupied	-37.7984410747821	144.965108949171	2019-01-10 05:19:30
5910	C9080	Unoccupied	-37.8029462414937	144.967701085174	2019-01-10 05:19:30
6487	13831S	Present	-37.81559577774	144.937397539796	2019-01-10 05:19:30
3878	C5652	Unoccupied	-37.8066676591308	144.95500864719	2019-01-10 05:19:30
6570	13836N	Unoccupied	-37.8127769940968	144.939982095303	2019-01-10 05:19:30
6569	13834N	Unoccupied	-37.8129974304535	144.939399069226	2019-01-10 05:19:30
1652	2139S	Unoccupied	-37.8127513250016	144.972125738053	2019-01-10 05:19:30
1400	1583S	Unoccupied	-37.8186725163408	144.963614416074	2019-01-10 05:19:30
6420	13666E	Unoccupied	-37.8210956990382	144.945445864919	2019-01-10 05:19:30
6390	13636E	Unoccupied	-37.8203687306714	144.944574892443	2019-01-10 05:19:30
6253	13410E	Unoccupied	-37.8193164573468	144.947464945309	2019-01-10 05:19:30
6872	14104E	Unoccupied	-37.7945394796198	144.958405752514	2019-01-10 05:19:30
2671	10180E	Unoccupied	-37.8040527480692	144.949541744099	2019-01-10 05:19:30
2672	10181W	Unoccupied	-37.8040405214137	144.949353848587	2019-01-10 05:19:30
6588	13785W	Unoccupied	-37.8132275855936	144.94073826785	2019-01-10 05:19:30
3596	7331W	Unoccupied	-37.805528450385	144.949224605925	2019-01-10 05:19:30
2748	4578E	Unoccupied	-37.8079891892026	144.966018830259	2019-01-10 05:19:30
4868	9274N	Unoccupied	-37.8289572782971	144.969972372284	2019-01-10 05:19:30
5983	3753S	Unoccupied	-37.8098916017944	144.963075173948	2019-01-10 05:19:30
2130	3705S	Unoccupied	-37.8091508141917	144.965578245516	2019-01-10 05:19:30
4883	9304N	Present	-37.8291466757594	144.969319921636	2019-01-10 05:19:30
4921	9343S	Present	-37.8295873986493	144.968237403226	2019-01-10 05:19:30
4185	C6640	Present	-37.8085156943113	144.959217465873	2019-01-10 05:19:30
3102	5258E	Unoccupied	-37.8049072625429	144.957371001709	2019-01-10 05:19:30
719	551W	Unoccupied	-37.8095282140284	144.969274707137	2019-01-10 05:19:30
3637	7590N	Unoccupied	-37.8055677113762	144.954012038702	2019-01-10 05:19:30
3619	7567S	Unoccupied	-37.8059183338605	144.955490822609	2019-01-10 05:19:30
2311	2850N	Unoccupied	-37.810503489789	144.968001263919	2019-01-10 05:19:30
3231	5594E	Unoccupied	-37.8058907395761	144.953855499421	2019-01-10 05:19:30
1981	3394N	Unoccupied	-37.8099960045878	144.966163772768	2019-01-10 05:19:30
3515	6672N	Unoccupied	-37.8086588045856	144.958376736069	2019-01-10 05:19:30
4233	C6776	Present	-37.8093573132446	144.956883552812	2019-01-10 05:19:30
4710	8658E	Present	-37.8254593080597	144.96280632956	2019-01-10 05:19:30
3282	5846E	Unoccupied	-37.8065288781826	144.953562848291	2019-01-10 05:19:30
4739	8692E	Unoccupied	-37.8250997186894	144.963238160389	2019-01-10 05:19:30
3557	7083S	Unoccupied	-37.8089228818528	144.95374908766	2019-01-10 05:19:30
944	C782	Unoccupied	-37.8116458207446	144.967566856649	2019-01-10 05:19:30
947	C794	Unoccupied	-37.8114746177479	144.967488900262	2019-01-10 05:19:30
5238	11501S	Unoccupied	-37.8115251265316	144.953204390527	2019-01-10 05:19:30
6829	14018E	Present	-37.7972381271867	144.95807449916	2019-01-10 05:19:30
5240	11505S	Present	-37.8116308534121	144.952830575028	2019-01-10 05:19:30
6184	13258N	Unoccupied	-37.8199123438087	144.943223699952	2019-01-10 05:19:30
6093	13253S	Unoccupied	-37.8201390768569	144.943069948186	2019-01-10 05:19:30
5883	12914N	Unoccupied	-37.7983930370017	144.965513725385	2019-01-10 05:19:30
6393	13642E	Unoccupied	-37.8201008437802	144.944451678445	2019-01-10 05:19:30
6755	13094N	Unoccupied	-37.8213401634894	144.944617174274	2019-01-10 05:19:30
6120	C13584	Unoccupied	-37.8195028182319	144.944951343533	2019-01-10 05:19:30
4833	9230N	Unoccupied	-37.8312998884099	144.966265666781	2019-01-10 05:19:30
3867	C5630	Unoccupied	-37.8069915685774	144.954950755964	2019-01-10 05:19:30
4807	9134N	Unoccupied	-37.8302359081222	144.96993112924	2019-01-10 05:19:30
5312	7811W	Unoccupied	-37.8295062785891	144.971035001869	2019-01-10 05:19:30
4729	8678E	Unoccupied	-37.8252618174629	144.963038075755	2019-01-10 05:19:30
4832	9228N	Unoccupied	-37.8312892616162	144.966301888947	2019-01-10 05:19:30
5300	9541S	Unoccupied	-37.8282038424913	144.965081145961	2019-01-10 05:19:30
682	330E	Unoccupied	-37.8144388605509	144.971779266528	2019-01-10 05:19:30
3981	C5930	Unoccupied	-37.8042242778502	144.953940561946	2019-01-10 05:19:30
6483	13711W	Unoccupied	-37.8155655741705	144.936865048531	2019-01-10 05:19:30
1957	3337S	Unoccupied	-37.8089373451519	144.969964877497	2019-01-10 05:19:30
6868	14096E	Unoccupied	-37.794767017444	144.958380141057	2019-01-10 05:19:30
1736	2343S	Unoccupied	-37.8119410646295	144.971321578061	2019-01-10 05:19:30
6558	13777W	Unoccupied	-37.8120203486796	144.938379609306	2019-01-10 05:19:30
6088	13241S	Unoccupied	-37.8200416804087	144.943404466561	2019-01-10 05:19:30
5865	C9162	Unoccupied	-37.7984448787549	144.965142750674	2019-01-10 05:19:30
826	C560	Unoccupied	-37.809447838079	144.969361353419	2019-01-10 05:19:30
6554	13769W	Unoccupied	-37.8122117389488	144.938493879126	2019-01-10 05:19:30
6427	13681W	Unoccupied	-37.8208605302265	144.94618770515	2019-01-10 05:19:30
1748	2365S	Unoccupied	-37.8123384067075	144.969960350958	2019-01-10 05:19:30
4338	C7030	Unoccupied	-37.8074364576793	144.95865173201	2019-01-10 05:19:30
684	338E	Unoccupied	-37.8143373769751	144.971732272409	2019-01-10 05:19:30
5982	3751S	Unoccupied	-37.80987251839	144.963140393885	2019-01-10 05:19:30
3046	5149W	Unoccupied	-37.8028054618286	144.95685528864	2019-01-10 05:19:30
3389	6221W	Unoccupied	-37.8061124357231	144.950896144861	2019-01-10 05:19:30
5913	12800N	Unoccupied	-37.8027811983201	144.967085653669	2019-01-10 05:19:30
703	439W	Unoccupied	-37.8124402409884	144.970605109442	2019-01-10 05:19:30
4314	C6964	Unoccupied	-37.8092132891614	144.956084868282	2019-01-10 05:19:30
5100	9898N	Unoccupied	-37.8255055249129	144.968787118968	2019-01-10 05:19:30
4799	9118N	Unoccupied	-37.8301256696165	144.970305674329	2019-01-10 05:19:30
3091	5238E	Present	-37.8051899835464	144.957315442898	2019-01-10 05:19:30
4690	8636E	Present	-37.8256730897352	144.962552240569	2019-01-10 05:19:30
877	775W	Present	-37.8122175426152	144.967705423704	2019-01-10 05:19:30
713	487W	Unoccupied	-37.8107104602163	144.969812771835	2019-01-10 05:19:30
5867	C9170	Unoccupied	-37.7984522400158	144.965209173461	2019-01-10 05:19:30
4804	9128N	Present	-37.830173899417	144.970140752186	2019-01-10 05:19:30
844	C632	Unoccupied	-37.808568194711	144.968957174751	2019-01-10 05:19:30
4929	9351S	Unoccupied	-37.8296316496933	144.968084863222	2019-01-10 05:19:30
6052	13026N	Unoccupied	-37.8211413696138	144.946681013894	2019-01-10 05:19:30
6190	13270N	Present	-37.8201644144779	144.942359713459	2019-01-10 05:19:30
6249	13402E	Present	-37.8191396082871	144.947277038535	2019-01-10 05:19:30
6442	13574E	Present	-37.820534223785	144.943028393709	2019-01-10 05:19:30
5239	11503S	Present	-37.8115462749486	144.953129514419	2019-01-10 05:19:30
6293	13464E	Unoccupied	-37.8201091388505	144.94866103035	2019-01-10 05:19:30
6619	13870N	Unoccupied	-37.8139987559074	144.94169744221	2019-01-10 05:19:30
6189	13268N	Present	-37.8201459358494	144.942423739766	2019-01-10 05:19:30
2458	C2794	Unoccupied	-37.8103468710607	144.968857501453	2019-01-10 05:19:30
5230	11514N	Unoccupied	-37.8117282031706	144.952069787443	2019-01-10 05:19:30
2413	C2648	Unoccupied	-37.8095917302629	144.971447392031	2019-01-10 05:19:30
3039	5142E	Present	-37.8029508269325	144.957049058003	2019-01-10 05:19:30
3092	5240E	Unoccupied	-37.8051676155113	144.957319804865	2019-01-10 05:19:30
2410	C2642	Unoccupied	-37.8095585438736	144.971560749247	2019-01-10 05:19:30
5153	9976N	Unoccupied	-37.8260393292567	144.966975161049	2019-01-10 05:19:30
5135	9948N	Unoccupied	-37.8259073861818	144.967428541361	2019-01-10 05:19:30
4839	9239S	Unoccupied	-37.8288492106727	144.970769815976	2019-01-10 05:19:30
5050	9827S	Unoccupied	-37.8251896364607	144.970238160024	2019-01-10 05:19:30
697	427W	Unoccupied	-37.8127444418539	144.970746947026	2019-01-10 05:19:30
5249	11523S	Unoccupied	-37.8118439250516	144.95207745464	2019-01-10 05:19:30
5091	9889S	Unoccupied	-37.8255723549009	144.96892777115	2019-01-10 05:19:30
6136	C13648	Unoccupied	-37.8197837915276	144.943979962032	2019-01-10 05:19:30
3723	7735S	Unoccupied	-37.8032676789791	144.950713744413	2019-01-10 05:19:30
4212	C6728	Unoccupied	-37.809396680065	144.957232495606	2019-01-10 05:19:30
3924	C5764	Unoccupied	-37.8044955481332	144.95539354523	2019-01-10 05:19:30
829	C572	Unoccupied	-37.8093386512729	144.969311150704	2019-01-10 05:19:30
3509	6663S	Unoccupied	-37.8088196900681	144.958507794158	2019-01-10 05:19:30
5862	C9150	Unoccupied	-37.7984309778344	144.965018009117	2019-01-10 05:19:30
5353	8887W	Unoccupied	-37.8249083236707	144.961162330183	2019-01-10 05:19:30
3032	5132E	Present	-37.8031215406357	144.957128419814	2019-01-10 05:19:30
5912	C9088	Unoccupied	-37.8029532884	144.967765192749	2019-01-10 05:19:30
930	C728	Unoccupied	-37.8135538307596	144.968442717503	2019-01-10 05:19:30
5180	C8012	Present	-37.8104708038455	144.952479055907	2019-01-10 05:19:30
716	491W	Present	-37.8106060104635	144.969765067707	2019-01-10 05:19:30
3508	6661S	Unoccupied	-37.8088006235224	144.958573373264	2019-01-10 05:19:30
3701	7666N	Unoccupied	-37.8038647965563	144.957725846083	2019-01-10 05:19:30
843	C628	Unoccupied	-37.8085935854593	144.968968855356	2019-01-10 05:19:30
1398	1579S	Unoccupied	-37.8186354379633	144.963742427285	2019-01-10 05:19:30
606	57W	Unoccupied	-37.810882285196	144.972722566196	2019-01-10 05:19:30
698	429W	Present	-37.8126937429261	144.970723307995	2019-01-10 05:19:30
1983	3398N	Unoccupied	-37.8100338937255	144.966034240038	2019-01-10 05:19:30
2309	2847S	Unoccupied	-37.810675213564	144.968087023942	2019-01-10 05:19:30
3116	5274E	Unoccupied	-37.8046348232124	144.957423128432	2019-01-10 05:19:30
3526	7013S	Unoccupied	-37.8073750294117	144.959188385774	2019-01-10 05:19:30
1954	3323S	Unoccupied	-37.808785748143	144.970487150406	2019-01-10 05:19:30
6294	13466E	Unoccupied	-37.8201645213077	144.948663220369	2019-01-10 05:19:30
3216	5520E	Unoccupied	-37.8068231418797	144.954280257584	2019-01-10 05:19:30
5333	7853W	Unoccupied	-37.82709314774	144.971146927617	2019-01-10 05:19:30
813	C508	Unoccupied	-37.8105674307784	144.969874123465	2019-01-10 05:19:30
5048	9825S	Unoccupied	-37.8251711554603	144.970301931926	2019-01-10 05:19:30
5139	9952N	Unoccupied	-37.8259220460755	144.967377641929	2019-01-10 05:19:30
4454	C7754	Unoccupied	-37.8031083551657	144.950131996338	2019-01-10 05:19:30
746	C224	Unoccupied	-37.8155985444232	144.972190775287	2019-01-10 05:19:30
4090	C6300	Unoccupied	-37.8047687467696	144.950825822246	2019-01-10 05:19:30
4878	9294N	Unoccupied	-37.8290847736102	144.969534277447	2019-01-10 05:19:30
6706	C526	Unoccupied	-37.8104061281925	144.969800116436	2019-01-10 05:19:30
4757	8808E	Present	-37.8228559794331	144.966662951255	2019-01-10 05:19:30
4123	C6408	Unoccupied	-37.8036571777849	144.951021910888	2019-01-10 05:19:30
5082	9870N	Unoccupied	-37.825265851637	144.969606636713	2019-01-10 05:19:30
5062	9839S	Unoccupied	-37.8253016731691	144.96985395828	2019-01-10 05:19:30
5148	9966N	Unoccupied	-37.8259740607861	144.967199547291	2019-01-10 05:19:30
2673	10182E	Unoccupied	-37.8040018351605	144.949550713235	2019-01-10 05:19:30
876	773W	Present	-37.8122684212919	144.967728447865	2019-01-10 05:19:30
744	C216	Present	-37.8157029277015	144.972239250828	2019-01-10 05:19:30
5324	7835W	Unoccupied	-37.8278825118132	144.971121399079	2019-01-10 05:19:30
2662	10169W	Present	-37.804350644989	144.949299231006	2019-01-10 05:19:30
6117	C13572	Unoccupied	-37.8194753885784	144.945046121631	2019-01-10 05:19:30
729	602E	Unoccupied	-37.8087464070401	144.969161707273	2019-01-10 05:19:30
5323	7833W	Unoccupied	-37.8279392434277	144.971115696128	2019-01-10 05:19:30
1411	1603S	Unoccupied	-37.816281459662	144.9717841682	2019-01-10 05:19:30
5916	12803S	Unoccupied	-37.8029549511018	144.966930944053	2019-01-10 05:19:30
6360	13304N	Unoccupied	-37.8217970290326	144.950813958252	2019-01-10 05:19:30
1834	2513S	Unoccupied	-37.8109660029897	144.970644159768	2019-01-10 05:19:30
1922	1810E	Unoccupied	-37.8186748292087	144.960927464194	2019-01-10 05:19:30
2483	C2864	Unoccupied	-37.8106659893314	144.967765957582	2019-01-10 05:19:30
6839	14038E	Unoccupied	-37.7967089281662	144.958138266849	2019-01-10 05:19:30
6359	13520E	Present	-37.8216197427798	144.95048143786	2019-01-10 05:19:30
6708	13298E	Unoccupied	-37.8164020328298	144.945670182332	2019-01-10 05:19:30
4304	C6944	Unoccupied	-37.8093152047984	144.956066231868	2019-01-10 05:19:30
6385	13633W	Unoccupied	-37.8202844656801	144.944436167112	2019-01-10 05:19:30
4348	C7112	Unoccupied	-37.8079897149833	144.954233456926	2019-01-10 05:19:30
4067	C6172	Unoccupied	-37.8037848949012	144.952505487577	2019-01-10 05:19:30
662	C192	Unoccupied	-37.8081149171958	144.971548291015	2019-01-10 05:19:30
4820	9204N	Unoccupied	-37.831134666507	144.966828989311	2019-01-10 05:19:30
5066	9843S	Unoccupied	-37.8253388562129	144.969726805097	2019-01-10 05:19:30
677	283W	Unoccupied	-37.8149106607765	144.971752780932	2019-01-10 05:19:30
678	285W	Present	-37.8148558548155	144.97172733723	2019-01-10 05:19:30
2727	4371W	Present	-37.8097255577927	144.960978859444	2019-01-10 05:19:30
4579	8021W	Present	-37.8295771453647	144.968950384495	2019-01-10 05:19:30
4837	9237S	Unoccupied	-37.8288373882535	144.97081057796	2019-01-10 05:19:30
5054	9831S	Unoccupied	-37.825226873087	144.970110465489	2019-01-10 05:19:30
5058	9835S	Unoccupied	-37.825264318076	144.969982057896	2019-01-10 05:19:30
6633	13917W	Unoccupied	-37.8139674149086	144.942414310816	2019-01-10 05:19:30
1733	2340N	Unoccupied	-37.8117666586124	144.971364338416	2019-01-10 05:19:30
4893	9315S	Unoccupied	-37.8294674419162	144.968664599892	2019-01-10 05:19:30
5325	7837W	Unoccupied	-37.8278260682587	144.971126899395	2019-01-10 05:19:30
5326	7839W	Unoccupied	-37.8277715127912	144.971131102753	2019-01-10 05:19:30
5260	4519W	Unoccupied	-37.8111001638624	144.953163330427	2019-01-10 05:19:30
2287	2674N	Unoccupied	-37.8096722821414	144.970834142444	2019-01-10 05:19:30
5046	9823S	Unoccupied	-37.8251528849693	144.970365003181	2019-01-10 05:19:30
5860	C9142	Unoccupied	-37.7984243583687	144.964956282425	2019-01-10 05:19:30
834	C592	Unoccupied	-37.8089215457424	144.969119738541	2019-01-10 05:19:30
4751	8712E	Unoccupied	-37.8248982433548	144.963464888283	2019-01-10 05:19:30
3535	7033S	Unoccupied	-37.8075676159653	144.958524595259	2019-01-10 05:19:30
3220	5534E	Unoccupied	-37.8066245648581	144.954189895078	2019-01-10 05:19:30
831	C580	Present	-37.8092535869412	144.969272040667	2019-01-10 05:19:30
4948	9375S	Unoccupied	-37.829742697798	144.967702081784	2019-01-10 05:19:30
4406	C7246	Unoccupied	-37.8079636065983	144.952087206681	2019-01-10 05:19:30
1410	1601S	Unoccupied	-37.8162626490232	144.971848052566	2019-01-10 05:19:30
3947	C5862	Unoccupied	-37.8052621324729	144.953755218442	2019-01-10 05:19:30
6903	14253W	Unoccupied	-37.7948554375097	144.964855697756	2019-01-10 05:19:30
4844	9244N	Unoccupied	-37.8287680436037	144.97062368241	2019-01-10 05:19:30
4332	C7002	Unoccupied	-37.8093099629308	144.956402679259	2019-01-10 05:19:30
943	C768	Unoccupied	-37.813204770296	144.968282582207	2019-01-10 05:19:30
2324	2890N	Unoccupied	-37.8109324876665	144.966542271474	2019-01-10 05:19:30
2316	2857S	Unoccupied	-37.8107711634254	144.967762988322	2019-01-10 05:19:30
6836	14032E	Unoccupied	-37.7968606347639	144.958119765458	2019-01-10 05:19:30
1735	2342N	Unoccupied	-37.8118082831892	144.971222776198	2019-01-10 05:19:30
3388	6219W	Present	-37.8061566264942	144.950916298302	2019-01-10 05:19:30
6233	13344E	Unoccupied	-37.8159029697849	144.94545066146	2019-01-10 05:19:30
6608	13845S	Unoccupied	-37.8145271436204	144.940497963014	2019-01-10 05:19:30
4956	9385S	Present	-37.8298054618326	144.967485985549	2019-01-10 05:19:30
951	C810	Present	-37.8113534694346	144.967433458928	2019-01-10 05:19:30
5022	9455S	Present	-37.8302882995962	144.965816247705	2019-01-10 05:19:30
4889	9310N	Unoccupied	-37.8291803666526	144.969204198558	2019-01-10 05:19:30
3952	C5872	Unoccupied	-37.8051439357136	144.953776310374	2019-01-10 05:19:30
5316	7819W	Unoccupied	-37.8292893936539	144.97103614796	2019-01-10 05:19:30
6124	C13600	Unoccupied	-37.8195463297627	144.944800991391	2019-01-10 05:19:30
6188	13266N	Present	-37.8201273772358	144.942487780507	2019-01-10 05:19:30
3028	5125W	Present	-37.8033162016654	144.95709440293	2019-01-10 05:19:30
4885	9306N	Present	-37.8291578038341	144.969281698329	2019-01-10 05:19:30
5060	9837S	Unoccupied	-37.8252830128771	144.969917949708	2019-01-10 05:19:30
628	87W	Unoccupied	-37.8089365386428	144.971801319539	2019-01-10 05:19:30
3711	7677S	Unoccupied	-37.8039461866617	144.956825681305	2019-01-10 05:19:30
807	C484	Unoccupied	-37.8107829234391	144.96997298669	2019-01-10 05:19:30
6307	13371W	Unoccupied	-37.8197087532776	144.949802920252	2019-01-10 05:19:30
3710	7676N	Unoccupied	-37.8037741199741	144.956920747211	2019-01-10 05:19:30
4565	8006E	Unoccupied	-37.8300489929095	144.969288885842	2019-01-10 05:19:30
4753	8714E	Unoccupied	-37.8248865551242	144.963487855225	2019-01-10 05:19:30
870	742E	Unoccupied	-37.8133596919618	144.96847993094	2019-01-10 05:19:30
5876	12900N	Unoccupied	-37.7983015180893	144.964666899816	2019-01-10 05:19:30
6372	13602E	Unoccupied	-37.8204134675353	144.94404887653	2019-01-10 05:19:30
6520	13754E	Unoccupied	-37.812656493382	144.936463956406	2019-01-10 05:19:30
6650	13762E	Present	-37.8150973371042	144.940341817995	2019-01-10 05:19:30
6260	13424E	Present	-37.8199127295793	144.94809973741	2019-01-10 05:19:30
1419	1617S	Present	-37.8164241890793	144.971299439538	2019-01-10 05:19:30
571	106E	Unoccupied	-37.808584210438	144.971887367299	2019-01-10 05:19:30
676	255W	Unoccupied	-37.8153951145484	144.971975007788	2019-01-10 05:19:30
6054	13030N	Unoccupied	-37.8212041653576	144.944048606472	2019-01-10 05:19:30
3921	C5756	Unoccupied	-37.8046725054357	144.955361711005	2019-01-10 05:19:30
6429	13685W	Unoccupied	-37.8204510986859	144.946078480135	2019-01-10 05:19:30
6890	14227W	Unoccupied	-37.7956972697191	144.964713184291	2019-01-10 05:19:30
2911	4882E	Unoccupied	-37.8083706597524	144.958015725077	2019-01-10 05:19:30
4840	9240N	Unoccupied	-37.828747029073	144.970695254679	2019-01-10 05:19:30
3640	7595S	Unoccupied	-37.8053523154712	144.95041134474	2019-01-10 05:19:30
3405	6254N	Present	-37.8076046700095	144.966304849311	2019-01-10 05:19:30
2735	4388E	Present	-37.8086732641025	144.960707368122	2019-01-10 05:19:30
6678	8630E	Present	-37.8257311269317	144.962482942099	2019-01-10 05:19:30
723	557W	Unoccupied	-37.8093779362621	144.969205792322	2019-01-10 05:19:30
5360	8901W	Unoccupied	-37.8241375935404	144.96206878558	2019-01-10 05:19:30
4805	9130N	Unoccupied	-37.830183725121	144.970107155511	2019-01-10 05:19:30
6748	6627S	Unoccupied	-37.8085392892571	144.959477917177	2019-01-10 05:19:30
3254	5807W	Unoccupied	-37.8070271286796	144.953340353238	2019-01-10 05:19:30
3000	5050E	Unoccupied	-37.8052874575722	144.958128447906	2019-01-10 05:19:30
3548	7069S	Unoccupied	-37.8087858185925	144.954225783636	2019-01-10 05:19:30
6703	C162	Unoccupied	-37.8083003216605	144.971634151019	2019-01-10 05:19:30
6141	C13668	Unoccupied	-37.819936247598	144.943447873366	2019-01-10 05:19:30
5101	9899S	Unoccupied	-37.8256654274529	144.968608429965	2019-01-10 05:19:30
3771	C4892	Unoccupied	-37.8082200493445	144.957863447964	2019-01-10 05:19:30
5147	9964N	Unoccupied	-37.8259665845549	144.967225195471	2019-01-10 05:19:30
4291	C6918	Unoccupied	-37.8094322290066	144.955981234532	2019-01-10 05:19:30
3956	C5880	Unoccupied	-37.8050493626255	144.953793188564	2019-01-10 05:19:30
4937	9363S	Unoccupied	-37.8296871286262	144.96789362954	2019-01-10 05:19:30
2473	C2836	Present	-37.8105317494518	144.968225582779	2019-01-10 05:19:30
5019	9451S	Unoccupied	-37.8302675605642	144.965887920307	2019-01-10 05:19:30
5087	9884N	Unoccupied	-37.8254491493775	144.968979862165	2019-01-10 05:19:30
6702	C158	Unoccupied	-37.8084766275235	144.971715178956	2019-01-10 05:19:30
4206	C6706	Unoccupied	-37.8087880494564	144.958277425573	2019-01-10 05:19:30
4248	C6828	Unoccupied	-37.8093877314502	144.955639945687	2019-01-10 05:19:30
6201	13315W	Unoccupied	-37.8202065197557	144.947105827604	2019-01-10 05:19:30
4801	9122N	Unoccupied	-37.8301450856325	144.970239249324	2019-01-10 05:19:30
4549	10041S	Present	-37.8233742023064	144.965702557944	2019-01-10 05:19:30
6751	6633S	Present	-37.8085968891204	144.959277756293	2019-01-10 05:19:30
4300	C6936	Unoccupied	-37.8093562086067	144.956058632283	2019-01-10 05:19:30
3410	6259S	Unoccupied	-37.8077215785582	144.966265230075	2019-01-10 05:19:30
5369	11712E	Unoccupied	-37.8102611587755	144.972941810668	2019-01-10 05:19:30
2099	3611S	Unoccupied	-37.8078340524451	144.970084487778	2019-01-10 05:19:30
6391	13638E	Unoccupied	-37.8203136390571	144.944550767698	2019-01-10 05:19:30
2674	10183W	Unoccupied	-37.8039865386566	144.949363364456	2019-01-10 05:19:30
3085	5226E	Unoccupied	-37.8053274624646	144.957288740081	2019-01-10 05:19:30
5269	4537W	Unoccupied	-37.8105940236836	144.95292720945	2019-01-10 05:19:30
3583	7135S	Unoccupied	-37.8084589403858	144.952789036692	2019-01-10 05:19:30
4214	C6732	Unoccupied	-37.8093933845585	144.957203280955	2019-01-10 05:19:30
4795	9104N	Present	-37.8299910660932	144.970722327241	2019-01-10 05:19:30
6865	14090E	Unoccupied	-37.7950235558824	144.958345376506	2019-01-10 05:19:30
4272	C6880	Unoccupied	-37.8093461909772	144.955793358526	2019-01-10 05:19:30
4364	C7162	Unoccupied	-37.8071752402204	144.953707558696	2019-01-10 05:19:30
6638	13617W	Unoccupied	-37.8196299541519	144.943562887881	2019-01-10 05:19:30
6170	13230N	Unoccupied	-37.8193896390706	144.945029312131	2019-01-10 05:19:30
6057	13036N	Unoccupied	-37.8211575612153	144.943854077136	2019-01-10 05:19:30
2661	10168E	Unoccupied	-37.8044165465176	144.949478310423	2019-01-10 05:19:30
3722	7733S	Unoccupied	-37.8032751563343	144.950782789132	2019-01-10 05:19:30
6571	13838N	Present	-37.812746169664	144.940065191893	2019-01-10 05:19:30
5136	9949S	Unoccupied	-37.8260809422016	144.967182632043	2019-01-10 05:19:30
5250	11525S	Unoccupied	-37.8118621004058	144.952013283024	2019-01-10 05:19:30
6676	8626E	Present	-37.8257698186748	144.96243674305	2019-01-10 05:19:30
5906	C9064	Unoccupied	-37.8029285309817	144.967539967016	2019-01-10 05:19:30
5328	7843W	Unoccupied	-37.8273524247944	144.971150740405	2019-01-10 05:19:30
6759	13101W	Unoccupied	-37.8209454917506	144.944194025678	2019-01-10 05:19:30
4394	C7222	Unoccupied	-37.8077935072351	144.952437533505	2019-01-10 05:19:30
1966	3346N	Unoccupied	-37.8089698436709	144.969673614798	2019-01-10 05:19:30
2301	2818N	Unoccupied	-37.8103468835205	144.968534232557	2019-01-10 05:19:30
5851	C9106	Unoccupied	-37.7983913980568	144.964648372504	2019-01-10 05:19:30
6754	13092N	Unoccupied	-37.8213541982889	144.944679501107	2019-01-10 05:19:30
6263	13329W	Present	-37.8189196878709	144.948401941255	2019-01-10 05:19:30
6866	14092E	Unoccupied	-37.7949655090893	144.958352620688	2019-01-10 05:19:30
7059	4692Ea	Unoccupied	-37.8048425093489	144.959114400878	2019-01-10 05:19:30
3514	6669S	Unoccupied	-37.8088830228915	144.95828361592	2019-01-10 05:19:30
6289	13456E	Unoccupied	-37.8194883293055	144.948637048985	2019-01-10 05:19:30
6186	13262N	Unoccupied	-37.8199495576642	144.943095737526	2019-01-10 05:19:30
6267	13337W	Unoccupied	-37.8191448211993	144.948410624493	2019-01-10 05:19:30
3928	C5772	Unoccupied	-37.8043938676784	144.955411823688	2019-01-10 05:19:30
800	C458	Unoccupied	-37.8116832189757	144.970383921494	2019-01-10 05:19:30
6104	C13512	Unoccupied	-37.819246440981	144.945838554943	2019-01-10 05:19:30
3076	5209W	Unoccupied	-37.8055803112434	144.957118155664	2019-01-10 05:19:30
6424	13675W	Unoccupied	-37.8210232108805	144.946229536461	2019-01-10 05:19:30
4222	C6748	Unoccupied	-37.8093803242125	144.957087511687	2019-01-10 05:19:30
5929	C9084	Unoccupied	-37.8029497093595	144.96773263336	2019-01-10 05:19:30
4735	8686E	Unoccupied	-37.8251629215121	144.963163415856	2019-01-10 05:19:30
5898	C9032	Unoccupied	-37.8028826601956	144.967122562158	2019-01-10 05:19:30
4958	9387S	Present	-37.8298147590298	144.967454026819	2019-01-10 05:19:30
683	334E	Unoccupied	-37.8143881187553	144.971755770021	2019-01-10 05:19:30
4030	C6098	Unoccupied	-37.8048269127233	144.952321408658	2019-01-10 05:19:30
5355	8891W	Unoccupied	-37.8248315124368	144.961252720009	2019-01-10 05:19:30
4901	9323S	Unoccupied	-37.8294986726548	144.968543225087	2019-01-10 05:19:30
658	C176	Unoccupied	-37.8082093392435	144.971592262126	2019-01-10 05:19:30
4195	C6662	Unoccupied	-37.8086939303439	144.958602123822	2019-01-10 05:19:30
3911	C5736	Present	-37.8050542026191	144.955293099919	2019-01-10 05:19:30
916	C680	Unoccupied	-37.8142885256891	144.968780641193	2019-01-10 05:19:30
3599	7334E	Unoccupied	-37.8054291484978	144.949322009917	2019-01-10 05:19:30
4705	8651W	Unoccupied	-37.8255605159832	144.96248921246	2019-01-10 05:19:30
5132	9945S	Unoccupied	-37.8260438295764	144.967310119876	2019-01-10 05:19:30
4748	8709W	Unoccupied	-37.8248352717644	144.963312439727	2019-01-10 05:19:30
653	C156	Unoccupied	-37.8084995070477	144.971725667273	2019-01-10 05:19:30
3642	7597S	Unoccupied	-37.8053451528909	144.950347357292	2019-01-10 05:19:30
791	C408	Unoccupied	-37.8129369075711	144.970962305606	2019-01-10 05:19:30
6102	C13504	Unoccupied	-37.8192279688864	144.945902601698	2019-01-10 05:19:30
4390	C7214	Unoccupied	-37.8077052252753	144.952619337845	2019-01-10 05:19:30
4035	C6108	Unoccupied	-37.8047098220651	144.952342188568	2019-01-10 05:19:30
5892	C9008	Unoccupied	-37.8028587218218	144.966904762037	2019-01-10 05:19:30
3122	5286E	Unoccupied	-37.8045014792432	144.957448586619	2019-01-10 05:19:30
6910	1920N	Present	-37.8145906211361	144.969349648779	2019-01-10 05:19:30
5105	9903S	Unoccupied	-37.8257015360953	144.968483030079	2019-01-10 05:19:30
4911	9333S	Unoccupied	-37.8295430222238	144.968390365743	2019-01-10 05:19:30
5011	9443S	Unoccupied	-37.8302255232635	144.966033199782	2019-01-10 05:19:30
6049	13020N	Unoccupied	-37.8210804200289	144.946891598079	2019-01-10 05:19:30
3966	C5900	Present	-37.8047046282336	144.953854825378	2019-01-10 05:19:30
6239	13200N	Unoccupied	-37.8188221524091	144.946967244073	2019-01-10 05:19:30
3917	C5748	Present	-37.8047993425665	144.95533891202	2019-01-10 05:19:30
4427	C7694	Unoccupied	-37.8036574871447	144.955032098708	2019-01-10 05:19:30
6884	14215W	Unoccupied	-37.7960376441447	144.964654774965	2019-01-10 05:19:30
5920	12807S	Unoccupied	-37.8029715810608	144.967081654546	2019-01-10 05:19:30
6844	14048E	Unoccupied	-37.796457802994	144.958169633928	2019-01-10 05:19:30
4849	9249S	Unoccupied	-37.8289049652706	144.97057758855	2019-01-10 05:19:30
6209	13280N	Unoccupied	-37.8148038346608	144.945399943526	2019-01-10 05:19:30
4828	9220N	Unoccupied	-37.8312470172871	144.966445880068	2019-01-10 05:19:30
4697	8643W	Unoccupied	-37.825640540751	144.962395327996	2019-01-10 05:19:30
6396	13645W	Unoccupied	-37.8205532693053	144.945454000686	2019-01-10 05:19:30
6492	13826N	Unoccupied	-37.8158262678201	144.937542758396	2019-01-10 05:19:30
5378	11730E	Unoccupied	-37.8097178842878	144.973009593139	2019-01-10 05:19:30
6180	13250N	Unoccupied	-37.8196882099136	144.943994843724	2019-01-10 05:19:30
575	118E	Unoccupied	-37.8084326860508	144.971817297546	2019-01-10 05:19:30
3993	C5954	Unoccupied	-37.8039268432437	144.953993574037	2019-01-10 05:19:30
3121	5284E	Unoccupied	-37.8045234452085	144.957444392225	2019-01-10 05:19:30
2694	10324E	Unoccupied	-37.8030038615815	144.944032431004	2019-01-10 05:19:30
7052	4664Ea	Unoccupied	-37.8057043250628	144.959511217438	2019-01-10 05:19:30
4236	C6788	Unoccupied	-37.8093475219168	144.956796762763	2019-01-10 05:19:30
4802	9124N	Unoccupied	-37.8301547122791	144.970206362569	2019-01-10 05:19:30
4117	C6392	Unoccupied	-37.8037967924817	144.950996882824	2019-01-10 05:19:30
4171	C6598	Present	-37.8083636379284	144.959742165931	2019-01-10 05:19:30
5907	C9068	Unoccupied	-37.8029319983908	144.967571511779	2019-01-10 05:19:30
3890	C5684	Unoccupied	-37.8063195466268	144.955070868931	2019-01-10 05:19:30
3690	7650N	Unoccupied	-37.8049924259982	144.957039226903	2019-01-10 05:19:30
4087	C6290	Unoccupied	-37.8049529157988	144.950793285913	2019-01-10 05:19:30
3884	C5664	Unoccupied	-37.8064961547579	144.955039304391	2019-01-10 05:19:30
4970	9399S	Present	-37.829871638399	144.967257973823	2019-01-10 05:19:30
5322	7831W	Unoccupied	-37.8279958304707	144.971109867022	2019-01-10 05:19:30
3630	7579S	Present	-37.8058215766567	144.954618092659	2019-01-10 05:19:30
3600	7335W	Present	-37.8054540250653	144.949234933739	2019-01-10 05:19:30
3171	5378E	Unoccupied	-37.8054811063855	144.956224985616	2019-01-10 05:19:30
4426	C7692	Unoccupied	-37.8036608605574	144.955061923769	2019-01-10 05:19:30
914	C674	Present	-37.8143606367644	144.968813098737	2019-01-10 05:19:30
656	C168	Unoccupied	-37.8082561651401	144.971613628783	2019-01-10 05:19:30
4428	C7696	Present	-37.8036392676398	144.954872293885	2019-01-10 05:19:30
749	C236	Present	-37.8155301575113	144.972158661347	2019-01-10 05:19:30
1007	952E	Present	-37.8128536919076	144.962623755306	2019-01-10 05:19:30
6139	C13660	Unoccupied	-37.819920121793	144.943503323647	2019-01-10 05:19:30
4037	C6112	Unoccupied	-37.8046625419756	144.95235059042	2019-01-10 05:19:30
6234	13346E	Unoccupied	-37.8158463248411	144.945425644661	2019-01-10 05:19:30
6185	13260N	Present	-37.8199309505292	144.943159718464	2019-01-10 05:19:30
6296	13271S	Unoccupied	-37.8195692166421	144.949247325142	2019-01-10 05:19:30
6037	13085S	Unoccupied	-37.8211191650746	144.942951350975	2019-01-10 05:19:30
6020	13039S	Unoccupied	-37.8212220720195	144.947018157002	2019-01-10 05:19:30
6181	13252N	Unoccupied	-37.8198565225123	144.943415642465	2019-01-10 05:19:30
6268	13339W	Unoccupied	-37.8192011034855	144.948412900172	2019-01-10 05:19:30
3047	5150E	Unoccupied	-37.802792758798	144.956975661846	2019-01-10 05:19:30
3274	5833W	Unoccupied	-37.8065479058099	144.953424481118	2019-01-10 05:19:30
6590	13789W	Unoccupied	-37.8131219163742	144.94067381184	2019-01-10 05:19:30
5384	11705W	Unoccupied	-37.810098725538	144.972719460773	2019-01-10 05:19:30
6090	13247S	Unoccupied	-37.8200790099695	144.943276255451	2019-01-10 05:19:30
754	C256	Unoccupied	-37.8153348784236	144.972068779505	2019-01-10 05:19:30
3276	5835W	Unoccupied	-37.8064943894909	144.953433998926	2019-01-10 05:19:30
912	C670	Present	-37.8144074458731	144.968834137158	2019-01-10 05:19:30
4286	C6908	Unoccupied	-37.8092048640847	144.955819910901	2019-01-10 05:19:30
5064	9841S	Unoccupied	-37.8253202292222	144.969790327023	2019-01-10 05:19:30
3880	C5656	Unoccupied	-37.8066175210441	144.955017611988	2019-01-10 05:19:30
4566	8007W	Unoccupied	-37.8300144564792	144.969153035426	2019-01-10 05:19:30
4254	C6840	Unoccupied	-37.809269943078	144.955661106476	2019-01-10 05:19:30
6894	14235W	Unoccupied	-37.7953633746217	144.964770130163	2019-01-10 05:19:30
5914	12801S	Unoccupied	-37.8029474937505	144.966862308827	2019-01-10 05:19:30
4271	C6878	Unoccupied	-37.8093735803081	144.955851256577	2019-01-10 05:19:30
4576	8017W	Unoccupied	-37.829683325936	144.968999443119	2019-01-10 05:19:30
835	C596	Present	-37.8088948859954	144.969107473574	2019-01-10 05:19:30
806	C480	Unoccupied	-37.8114130316715	144.970260410391	2019-01-10 05:19:30
3858	C5612	Unoccupied	-37.8072654503916	144.954901808801	2019-01-10 05:19:30
5257	4513W	Unoccupied	-37.8112484603859	144.953232495265	2019-01-10 05:19:30
3868	C5632	Unoccupied	-37.806965699526	144.954955383295	2019-01-10 05:19:30
3876	C5648	Unoccupied	-37.8067426775949	144.954995243084	2019-01-10 05:19:30
4049	C6136	Unoccupied	-37.8043156620237	144.952411673746	2019-01-10 05:19:30
920	C696	Unoccupied	-37.8141922150623	144.968737354597	2019-01-10 05:19:30
6182	13254N	Present	-37.81987512934	144.94335166165	2019-01-10 05:19:30
2906	4873W	Unoccupied	-37.8085663911768	144.957691576053	2019-01-10 05:19:30
949	C802	Unoccupied	-37.8114017627735	144.967455473919	2019-01-10 05:19:30
1919	1263W	Unoccupied	-37.8190170921766	144.96083415662	2019-01-10 05:19:30
5889	12911S	Unoccupied	-37.7985650715263	144.965412104072	2019-01-10 05:19:30
6534	13770E	Unoccupied	-37.8135093819244	144.939399851227	2019-01-10 05:19:30
5924	12811S	Unoccupied	-37.80303441013	144.967654395988	2019-01-10 05:19:30
6280	13438E	Unoccupied	-37.8189842170491	144.948617697878	2019-01-10 05:19:30
660	C184	Unoccupied	-37.8081624016607	144.971570394805	2019-01-10 05:19:30
6456	13588E	Unoccupied	-37.819614355485	144.94263124467	2019-01-10 05:19:30
3011	5084E	Unoccupied	-37.8046823738843	144.95784863451	2019-01-10 05:19:30
5076	9858N	Unoccupied	-37.825217228332	144.969773706127	2019-01-10 05:19:30
3045	5148E	Unoccupied	-37.8028148770263	144.956985932402	2019-01-10 05:19:30
4431	C7702	Unoccupied	-37.8036289515336	144.954781260978	2019-01-10 05:19:30
2100	3619S	Unoccupied	-37.807929708596	144.969757131761	2019-01-10 05:19:30
1959	3339S	Unoccupied	-37.8089565330432	144.969899123218	2019-01-10 05:19:30
6758	13099W	Unoccupied	-37.8210053221827	144.944222567408	2019-01-10 05:19:30
3926	C5768	Unoccupied	-37.8044447079114	144.955402684479	2019-01-10 05:19:30
657	C172	Unoccupied	-37.8082328618676	144.971603141192	2019-01-10 05:19:30
5061	9838N	Unoccupied	-37.8251359501386	144.970052474364	2019-01-10 05:19:30
3123	5288E	Unoccupied	-37.8044794590385	144.957452780857	2019-01-10 05:19:30
2411	C2644	Unoccupied	-37.8095773812102	144.971496404827	2019-01-10 05:19:30
6846	14052E	Unoccupied	-37.79635653115	144.958182076067	2019-01-10 05:19:30
3984	C5936	Unoccupied	-37.8041498255555	144.953953855336	2019-01-10 05:19:30
3109	5266E	Present	-37.8047967261499	144.957392268968	2019-01-10 05:19:30
4007	C6052	Unoccupied	-37.8060038327024	144.952114287094	2019-01-10 05:19:30
3709	7675S	Unoccupied	-37.8039541703158	144.956897062941	2019-01-10 05:19:30
4172	C6602	Unoccupied	-37.8083723740821	144.959712034819	2019-01-10 05:19:30
6906	14259W	Unoccupied	-37.7945695473976	144.96488490609	2019-01-10 05:19:30
3592	7326E	Present	-37.8056831983932	144.949364675499	2019-01-10 05:19:30
5177	C8006	Unoccupied	-37.8104447910806	144.952571641956	2019-01-10 05:19:30
917	C684	Unoccupied	-37.814263499737	144.968769393458	2019-01-10 05:19:30
3910	C5734	Unoccupied	-37.8050787308627	144.955288690546	2019-01-10 05:19:30
6919	10049S	Unoccupied	-37.8220423828688	144.96323764239	2019-01-10 05:19:30
6025	13061S	Unoccupied	-37.8214862127375	144.94605193586	2019-01-10 05:19:30
6376	13610E	Present	-37.8202094306872	144.9439585265	2019-01-10 05:19:30
3914	C5742	Unoccupied	-37.8048782789289	144.955324723153	2019-01-10 05:19:30
5236	11526N	Present	-37.8119439503616	144.951307607947	2019-01-10 05:19:30
4435	C7710	Unoccupied	-37.8035982428229	144.954511096532	2019-01-10 05:19:30
2300	2814N	Unoccupied	-37.8103282314002	144.968597719821	2019-01-10 05:19:30
6877	14201W	Present	-37.7964288717056	144.964588072516	2019-01-10 05:19:30
1503	1861S	Unoccupied	-37.8192915871902	144.957646928333	2019-01-10 05:19:30
6695	5082E	Unoccupied	-37.804704440449	144.957858718003	2019-01-10 05:19:30
3384	6211W	Unoccupied	-37.8062644871299	144.950965134864	2019-01-10 05:19:30
2924	4899W	Unoccupied	-37.8082600517723	144.957745857479	2019-01-10 05:19:30
4703	8649W	Present	-37.8255805223052	144.962465741524	2019-01-10 05:19:30
4850	9250N	Unoccupied	-37.8288329148481	144.970400124152	2019-01-10 05:19:30
4327	C6992	Unoccupied	-37.8092556959051	144.95628008909	2019-01-10 05:19:30
4111	C6374	Unoccupied	-37.8040789054159	144.950946983399	2019-01-10 05:19:30
4000	C6036	Unoccupied	-37.806192927601	144.952080342124	2019-01-10 05:19:30
4252	C6836	Unoccupied	-37.8093093371637	144.955654027082	2019-01-10 05:19:30
4008	C6054	Unoccupied	-37.8059806417064	144.952118450515	2019-01-10 05:19:30
6087	13239S	Unoccupied	-37.8200216632003	144.943473219367	2019-01-10 05:19:30
6084	13233S	Unoccupied	-37.8195786352285	144.945003689527	2019-01-10 05:19:30
1830	2504N	Present	-37.8108195654394	144.970977372023	2019-01-10 05:19:30
797	C446	Unoccupied	-37.8117937500954	144.970434449908	2019-01-10 05:19:30
5854	C9118	Unoccupied	-37.7984015079419	144.964742363108	2019-01-10 05:19:30
3573	7119S	Unoccupied	-37.8082985721603	144.953345140134	2019-01-10 05:19:30
3570	7098N	Present	-37.8089501400458	144.953131442207	2019-01-10 05:19:30
4328	C6994	Unoccupied	-37.8092511376616	144.956218965989	2019-01-10 05:19:30
6455	13586E	Unoccupied	-37.8196733784091	144.942656965409	2019-01-10 05:19:30
6640	13621W	Unoccupied	-37.8194463080584	144.943478773117	2019-01-10 05:19:30
3391	6225W	Unoccupied	-37.8060701371426	144.950876805516	2019-01-10 05:19:30
6669	8655W	Present	-37.8255205033532	144.962536154345	2019-01-10 05:19:30
5055	9832N	Unoccupied	-37.8250878512976	144.970217980936	2019-01-10 05:19:30
6471	13802N	Unoccupied	-37.8138115378207	144.940078208149	2019-01-10 05:19:30
4997	9429S	Unoccupied	-37.8301520398939	144.96628715189	2019-01-10 05:19:30
5891	C9004	Unoccupied	-37.8028552724198	144.966873382656	2019-01-10 05:19:30
6623	13878N	Present	-37.8138994826475	144.941959609888	2019-01-10 05:19:30
1399	1581S	Unoccupied	-37.818653972914	144.963678409058	2019-01-10 05:19:30
1470	1773S	Unoccupied	-37.8167130508085	144.966235405019	2019-01-10 05:19:30
6485	13827S	Unoccupied	-37.8155255583308	144.937581960396	2019-01-10 05:19:30
3477	6542N	Unoccupied	-37.8078381642898	144.96120669238	2019-01-10 05:19:30
5345	8871W	Unoccupied	-37.8254312220652	144.960546946282	2019-01-10 05:19:30
3278	5838E	Present	-37.8066216891876	144.953546491622	2019-01-10 05:19:30
3541	7060N	Unoccupied	-37.8085582491499	144.954490496987	2019-01-10 05:19:30
850	562E	Unoccupied	-37.8093383752115	144.96942998121	2019-01-10 05:19:30
3543	7063S	Unoccupied	-37.8087307953435	144.954417130631	2019-01-10 05:19:30
5089	9887S	Unoccupied	-37.8255549428029	144.968987581417	2019-01-10 05:19:30
4125	C6412	Unoccupied	-37.803610528992	144.951030105256	2019-01-10 05:19:30
4207	C6710	Present	-37.8087964028326	144.958248628512	2019-01-10 05:19:30
759	C276	Unoccupied	-37.8152205917302	144.972016301063	2019-01-10 05:19:30
4086	C6286	Unoccupied	-37.8049752992741	144.95078932967	2019-01-10 05:19:30
745	C220	Unoccupied	-37.815621364479	144.972201337377	2019-01-10 05:19:30
5229	11512N	Unoccupied	-37.8117112634254	144.952129693964	2019-01-10 05:19:30
6555	13771W	Unoccupied	-37.8121649254436	144.938466093661	2019-01-10 05:19:30
6873	14106E	Unoccupied	-37.7944845795257	144.958412069614	2019-01-10 05:19:30
6556	13773W	Unoccupied	-37.8121160084916	144.938437070806	2019-01-10 05:19:30
1429	1664N	Unoccupied	-37.8185960739318	144.963193196544	2019-01-10 05:19:30
4438	C7716	Unoccupied	-37.8035838094291	144.954380740555	2019-01-10 05:19:30
3115	5272E	Unoccupied	-37.8046577008926	144.957418748022	2019-01-10 05:19:30
6210	13282N	Present	-37.8147839684891	144.945468142177	2019-01-10 05:19:30
6453	13582E	Present	-37.8199164007173	144.942768279125	2019-01-10 05:19:30
5254	11533S	Unoccupied	-37.8120152442257	144.951471202974	2019-01-10 05:19:30
2902	4867W	Unoccupied	-37.8086316929743	144.957680035037	2019-01-10 05:19:30
3586	7141S	Present	-37.8085164534188	144.952589614792	2019-01-10 05:19:30
3669	7628N	Unoccupied	-37.8049750974972	144.948641279674	2019-01-10 05:19:30
3496	6592N	Unoccupied	-37.8082965011728	144.959632031321	2019-01-10 05:19:30
3510	6664N	Unoccupied	-37.808619975255	144.958510535927	2019-01-10 05:19:30
3699	7664N	Unoccupied	-37.8049275613838	144.956521382512	2019-01-10 05:19:30
4745	8702E	Present	-37.8250312253065	144.963318214392	2019-01-10 05:19:30
6395	13643W	Unoccupied	-37.8206138061693	144.94546998173	2019-01-10 05:19:30
4715	8663W	Present	-37.8254404789328	144.962630039096	2019-01-10 05:19:30
772	C332	Unoccupied	-37.8144714738127	144.971667132705	2019-01-10 05:19:30
5120	9932N	Unoccupied	-37.8258486077873	144.967629600375	2019-01-10 05:19:30
3931	C5778	Unoccupied	-37.8042350534584	144.955440372328	2019-01-10 05:19:30
6626	13913W	Unoccupied	-37.8136460649088	144.941896440746	2019-01-10 05:19:30
645	C124	Unoccupied	-37.8087548085108	144.971842791407	2019-01-10 05:19:30
3271	5830E	Unoccupied	-37.8067144844742	144.953530125455	2019-01-10 05:19:30
5303	9535S	Unoccupied	-37.8282226947556	144.965180939632	2019-01-10 05:19:30
957	C828	Unoccupied	-37.8111871873981	144.967357574633	2019-01-10 05:19:30
3104	5260E	Unoccupied	-37.8048824876409	144.957375819392	2019-01-10 05:19:30
6426	13679W	Unoccupied	-37.8209147572563	144.94620103235	2019-01-10 05:19:30
6408	13652E	Present	-37.820375133132	144.945503726313	2019-01-10 05:19:30
6625	13911W	Present	-37.8136058659902	144.941834392557	2019-01-10 05:19:30
1458	1736N	Present	-37.8146530613485	144.973061431815	2019-01-10 05:19:30
2909	4879W	Unoccupied	-37.8085024818139	144.957703097382	2019-01-10 05:19:30
1537	1902N	Unoccupied	-37.8138148940242	144.971980045908	2019-01-10 05:19:30
3380	6203W	Unoccupied	-37.8063491348598	144.951003924894	2019-01-10 05:19:30
4402	C7238	Unoccupied	-37.8079118059047	144.952194036207	2019-01-10 05:19:30
4387	C7208	Unoccupied	-37.8076546399823	144.952723517583	2019-01-10 05:19:30
5886	12905S	Unoccupied	-37.7985355162752	144.965142058334	2019-01-10 05:19:30
2632	10102E	Unoccupied	-37.8037434266973	144.948110700766	2019-01-10 05:19:30
708	460E	Unoccupied	-37.8115603958366	144.970451117249	2019-01-10 05:19:30
5267	4533W	Unoccupied	-37.8106958504878	144.952974710349	2019-01-10 05:19:30
3215	5518E	Present	-37.8068712094536	144.954302139317	2019-01-10 05:19:30
3471	6525S	Unoccupied	-37.8078425727155	144.961880448142	2019-01-10 05:19:30
6261	13426E	Unoccupied	-37.8199560438922	144.948145831431	2019-01-10 05:19:30
3177	5386E	Unoccupied	-37.8055377692135	144.956215027894	2019-01-10 05:19:30
3879	C5654	Unoccupied	-37.8066424557615	144.955013156575	2019-01-10 05:19:30
6615	13859S	Unoccupied	-37.81395574885	144.941983163329	2019-01-10 05:19:30
6221	13320E	Unoccupied	-37.8194760793711	144.946987257913	2019-01-10 05:19:30
6051	13024N	Unoccupied	-37.8211133445402	144.946777730897	2019-01-10 05:19:30
5873	C9194	Unoccupied	-37.7984784296278	144.965456545858	2019-01-10 05:19:30
640	C104	Unoccupied	-37.8088730805952	144.971897138469	2019-01-10 05:19:30
4823	9210N	Unoccupied	-37.8311668156543	144.966718743342	2019-01-10 05:19:30
6605	13839S	Unoccupied	-37.8146206468528	144.940314827136	2019-01-10 05:19:30
3511	6665S	Unoccupied	-37.8088396755047	144.95843901579	2019-01-10 05:19:30
4112	C6376	Unoccupied	-37.8040556654481	144.950951021835	2019-01-10 05:19:30
3038	5141W	Unoccupied	-37.8030029402275	144.956946705628	2019-01-10 05:19:30
722	555W	Present	-37.8094266181514	144.969228105119	2019-01-10 05:19:30
3203	5460E	Present	-37.8074762050202	144.954578457863	2019-01-10 05:19:30
2752	4590E	Unoccupied	-37.807455307295	144.96590846559	2019-01-10 05:19:30
6269	13341W	Unoccupied	-37.8192551369319	144.948415036508	2019-01-10 05:19:30
5264	4527W	Unoccupied	-37.8108669523368	144.953054535223	2019-01-10 05:19:30
6832	14024E	Unoccupied	-37.797076736332	144.958093307257	2019-01-10 05:19:30
2753	4592E	Present	-37.8074015320955	144.965915415468	2019-01-10 05:19:30
5026	9496N	Present	-37.8284747804917	144.96694059986	2019-01-10 05:19:30
3893	C5696	Unoccupied	-37.8062441472148	144.955084349303	2019-01-10 05:19:30
4570	8011W	Unoccupied	-37.8298554242772	144.96907931991	2019-01-10 05:19:30
3516	6676N	Unoccupied	-37.8086789231118	144.958307451882	2019-01-10 05:19:30
3626	7575S	Unoccupied	-37.8058367937787	144.954752996839	2019-01-10 05:19:30
5040	9517S	Unoccupied	-37.828435639282	144.966281137868	2019-01-10 05:19:30
4987	9419S	Present	-37.8300996904268	144.966468066645	2019-01-10 05:19:30
4289	C6914	Unoccupied	-37.8091875219287	144.955885949087	2019-01-10 05:19:30
5142	9955S	Unoccupied	-37.8261353546037	144.966996667523	2019-01-10 05:19:30
5857	C9130	Unoccupied	-37.7984112437269	144.964834153266	2019-01-10 05:19:30
6351	13279S	Unoccupied	-37.8213753867201	144.950543169291	2019-01-10 05:19:30
1729	2336N	Present	-37.8117310378866	144.97148422841	2019-01-10 05:19:30
6310	13377W	Unoccupied	-37.8198758924145	144.949938942515	2019-01-10 05:19:30
3400	6241W	Unoccupied	-37.8058528726225	144.95077786807	2019-01-10 05:19:30
6856	14072E	Unoccupied	-37.7957199368676	144.958259687471	2019-01-10 05:19:30
6533	13768E	Unoccupied	-37.8135580828739	144.939429360832	2019-01-10 05:19:30
5915	12802N	Unoccupied	-37.8027883533718	144.967150981256	2019-01-10 05:19:30
6849	14058E	Unoccupied	-37.7962057737686	144.958200911694	2019-01-10 05:19:30
3090	5236E	Unoccupied	-37.8052144809967	144.957310641422	2019-01-10 05:19:30
581	138E	Unoccupied	-37.8081797102188	144.971700755428	2019-01-10 05:19:30
4863	9266N	Unoccupied	-37.8289152620456	144.970116686279	2019-01-10 05:19:30
4335	C7008	Present	-37.8092443064576	144.956413360621	2019-01-10 05:19:30
1750	2369S	Unoccupied	-37.8123766338618	144.969832999499	2019-01-10 05:19:30
1747	2363S	Present	-37.8123199850101	144.970024387537	2019-01-10 05:19:30
1958	3338N	Unoccupied	-37.8088955396991	144.969929852864	2019-01-10 05:19:30
4318	C6974	Unoccupied	-37.8093519511639	144.956199763266	2019-01-10 05:19:30
4442	C7730	Unoccupied	-37.8031810184832	144.950785237462	2019-01-10 05:19:30
6287	13452E	Unoccupied	-37.819380266058	144.948632788999	2019-01-10 05:19:30
6224	13326E	Unoccupied	-37.8169058226438	144.945892660782	2019-01-10 05:19:30
5083	9872N	Unoccupied	-37.8252745911701	144.969578884909	2019-01-10 05:19:30
4276	C6888	Unoccupied	-37.8093052181257	144.955801062053	2019-01-10 05:19:30
6153	C13716	Unoccupied	-37.8200553533905	144.943038319113	2019-01-10 05:19:30
3935	C5786	Unoccupied	-37.8041351571469	144.955458329414	2019-01-10 05:19:30
4564	8005W	Unoccupied	-37.830067730586	144.969177661299	2019-01-10 05:19:30
3886	C5670	Unoccupied	-37.8064450194525	144.955048443221	2019-01-10 05:19:30
3930	C5776	Unoccupied	-37.8043428046604	144.955421003127	2019-01-10 05:19:30
3041	5144E	Unoccupied	-37.8029280382471	144.957038476501	2019-01-10 05:19:30
6401	13655W	Present	-37.8202469683823	144.945374797907	2019-01-10 05:19:30
4294	C6924	Unoccupied	-37.8094177613663	144.956047284686	2019-01-10 05:19:30
3704	7670N	Unoccupied	-37.803795415664	144.957112633867	2019-01-10 05:19:30
3027	5123W	Unoccupied	-37.8033635430581	144.95711639661	2019-01-10 05:19:30
5358	8897W	Present	-37.8245043307096	144.96163789795	2019-01-10 05:19:30
4731	8680E	Present	-37.8252499585731	144.963060403526	2019-01-10 05:19:30
2901	4865W	Unoccupied	-37.8086561956267	144.957675704092	2019-01-10 05:19:30
4441	C7728	Unoccupied	-37.8031841922083	144.95081336012	2019-01-10 05:19:30
3395	6233W	Unoccupied	-37.8059627164213	144.950827727357	2019-01-10 05:19:30
6820	14000E	Present	-37.7987573310836	144.957887700399	2019-01-10 05:19:30
6745	6621S	Present	-37.8084820509411	144.959677007083	2019-01-10 05:19:30
3553	7078N	Unoccupied	-37.8087376860828	144.953869998542	2019-01-10 05:19:30
568	102E	Unoccupied	-37.8086975892471	144.971938913713	2019-01-10 05:19:30
3875	C5646	Unoccupied	-37.8067684060577	144.954990644766	2019-01-10 05:19:30
3888	C5676	Unoccupied	-37.80639421251	144.955057545219	2019-01-10 05:19:30
4005	C6048	Unoccupied	-37.8060500920483	144.95210596139	2019-01-10 05:19:30
5052	9829S	Unoccupied	-37.825208154817	144.970174692709	2019-01-10 05:19:30
634	94E	Unoccupied	-37.8087990265634	144.971985549252	2019-01-10 05:19:30
6081	13227S	Unoccupied	-37.8194223522501	144.94554422786	2019-01-10 05:19:30
4436	C7712	Unoccupied	-37.8035947066307	144.954479763913	2019-01-10 05:19:30
6831	14022E	Unoccupied	-37.7971298002031	144.958086895781	2019-01-10 05:19:30
6076	13217S	Unoccupied	-37.8188757243509	144.947457700324	2019-01-10 05:19:30
5119	9930N	Unoccupied	-37.825842693426	144.96765519541	2019-01-10 05:19:30
4903	9325S	Unoccupied	-37.8295069906045	144.968514558865	2019-01-10 05:19:30
1965	3345S	Unoccupied	-37.809012709365	144.96970646445	2019-01-10 05:19:30
3117	5276E	Unoccupied	-37.8046123214306	144.957427421229	2019-01-10 05:19:30
3418	6267S	Present	-37.8077628294102	144.966125103961	2019-01-10 05:19:30
3671	7630N	Unoccupied	-37.8049719421611	144.948613168532	2019-01-10 05:19:30
3495	6588N	Unoccupied	-37.8082782564122	144.959695194186	2019-01-10 05:19:30
2936	4916E	Unoccupied	-37.8077942855502	144.958117763676	2019-01-10 05:19:30
4437	C7714	Present	-37.8035875698314	144.954414311494	2019-01-10 05:19:30
6417	13667W	Unoccupied	-37.8211107804064	144.945352967834	2019-01-10 05:19:30
6490	13822N	Unoccupied	-37.8157561563397	144.937727085716	2019-01-10 05:19:30
6652	13880N	Unoccupied	-37.8136138535573	144.942534403107	2019-01-10 05:19:30
6864	14088E	Unoccupied	-37.7950810000889	144.958338291202	2019-01-10 05:19:30
6885	14217W	Unoccupied	-37.7959810074492	144.964664486045	2019-01-10 05:19:30
1653	2141S	Unoccupied	-37.8127684459131	144.972067141431	2019-01-10 05:19:30
5271	4503W	Unoccupied	-37.8118125478028	144.95349529739	2019-01-10 05:19:30
5359	8999W	Present	-37.8244658580146	144.961683242331	2019-01-10 05:19:30
3684	7644N	Unoccupied	-37.804948334513	144.948402925303	2019-01-10 05:19:30
4899	9321S	Unoccupied	-37.8294904478433	144.968571570616	2019-01-10 05:19:30
4059	C6156	Unoccupied	-37.8039891102285	144.95246910299	2019-01-10 05:19:30
3001	5052E	Present	-37.8052655140292	144.95811795169	2019-01-10 05:19:30
4009	C6056	Unoccupied	-37.8059578850739	144.952122521354	2019-01-10 05:19:30
4834	9232N	Unoccupied	-37.8313098807166	144.966231606627	2019-01-10 05:19:30
1920	1265W	Unoccupied	-37.8189638355997	144.960809973418	2019-01-10 05:19:30
1890	1002E	Unoccupied	-37.818138205355	144.96278161186	2019-01-10 05:19:30
4060	C6158	Present	-37.803958766382	144.952474613319	2019-01-10 05:19:30
6074	13213S	Unoccupied	-37.8187954759263	144.947740711008	2019-01-10 05:19:30
3898	C5708	Unoccupied	-37.8054705485525	144.955218259289	2019-01-10 05:19:30
6878	14203W	Unoccupied	-37.7963735366128	144.964597452727	2019-01-10 05:19:30
3703	7668N	Unoccupied	-37.8038576481727	144.957660638653	2019-01-10 05:19:30
3598	7333W	Unoccupied	-37.8054905709221	144.949229038501	2019-01-10 05:19:30
3023	5108E	Present	-37.804292539726	144.957673185918	2019-01-10 05:19:30
3538	7039S	Present	-37.8076233791869	144.958332913377	2019-01-10 05:19:30
1980	3392N	Unoccupied	-37.8099774828667	144.966227670284	2019-01-10 05:19:30
3096	5248E	Unoccupied	-37.8050785050219	144.957337201692	2019-01-10 05:19:30
5150	9970N	Unoccupied	-37.8259887048272	144.967149307457	2019-01-10 05:19:30
3624	7573S	Unoccupied	-37.8058444019832	144.954820461173	2019-01-10 05:19:30
5057	9834N	Unoccupied	-37.8250960289611	144.970189738037	2019-01-10 05:19:30
4285	C6906	Unoccupied	-37.8092303743657	144.955878025907	2019-01-10 05:19:30
6888	14223W	Unoccupied	-37.7958112380119	144.964693743593	2019-01-10 05:19:30
3932	C5780	Unoccupied	-37.8042100796062	144.955444862024	2019-01-10 05:19:30
6583	13862N	Unoccupied	-37.8123984601258	144.940980663869	2019-01-10 05:19:30
3004	5062E	Unoccupied	-37.8051229267846	144.958052525006	2019-01-10 05:19:30
6056	13034N	Unoccupied	-37.8211731903863	144.943919313903	2019-01-10 05:19:30
3933	C5782	Unoccupied	-37.8041851053132	144.955449351149	2019-01-10 05:19:30
5151	9972N	Unoccupied	-37.8259961095647	144.967124145436	2019-01-10 05:19:30
4258	C6848	Unoccupied	-37.8091896357468	144.955675553002	2019-01-10 05:19:30
4299	C6934	Unoccupied	-37.8093509907118	144.955996153713	2019-01-10 05:19:30
6219	13316E	Unoccupied	-37.8196289278457	144.94705455455	2019-01-10 05:19:30
6645	13618E	Unoccupied	-37.8195266731347	144.943677453006	2019-01-10 05:19:30
6418	13669W	Unoccupied	-37.8210543307095	144.945338131068	2019-01-10 05:19:30
6266	13335W	Unoccupied	-37.8190885402345	144.948408468745	2019-01-10 05:19:30
6887	14221W	Unoccupied	-37.7958675307669	144.96468402967	2019-01-10 05:19:30
3408	6257S	Unoccupied	-37.8077088537885	144.966308321709	2019-01-10 05:19:30
1417	1615S	Unoccupied	-37.8163986363181	144.971386221528	2019-01-10 05:19:30
4105	C6352	Unoccupied	-37.8042178201337	144.950922423883	2019-01-10 05:19:30
4344	C7042	Unoccupied	-37.8074983122039	144.958439676722	2019-01-10 05:19:30
5870	C9182	Unoccupied	-37.7984652977206	144.965332877174	2019-01-10 05:19:30
4887	9308N	Present	-37.82916917566	144.969242638917	2019-01-10 05:19:30
3678	7638N	Unoccupied	-37.8049578217387	144.948487241779	2019-01-10 05:19:30
4879	9296N	Present	-37.8290891468503	144.969506266999	2019-01-10 05:19:30
3604	7552N	Present	-37.8059646660956	144.958908886909	2019-01-10 05:19:30
2675	10184E	Unoccupied	-37.8039488918228	144.949560046036	2019-01-10 05:19:30
6761	13105W	Unoccupied	-37.8208258288981	144.944137738989	2019-01-10 05:19:30
6524	13723W	Unoccupied	-37.8122972973296	144.936128212438	2019-01-10 05:19:30
6904	14255W	Unoccupied	-37.7947995476209	144.964864598006	2019-01-10 05:19:30
3567	7095S	Unoccupied	-37.8090404715949	144.953340113016	2019-01-10 05:19:30
3866	C5628	Unoccupied	-37.8070383698589	144.954942569892	2019-01-10 05:19:30
5007	9439S	Unoccupied	-37.8302045447207	144.96610570031	2019-01-10 05:19:30
4433	C7706	Unoccupied	-37.8036215783598	144.954716280956	2019-01-10 05:19:30
6206	13325W	Present	-37.8198129301224	144.946935238067	2019-01-10 05:19:30
3861	C5618	Unoccupied	-37.8071891899147	144.95491544536	2019-01-10 05:19:30
4268	C6868	Present	-37.8094083405279	144.955781777911	2019-01-10 05:19:30
727	594E	Unoccupied	-37.8088530466274	144.969210484646	2019-01-10 05:19:30
6350	13277S	Present	-37.8214063700347	144.950478668238	2019-01-10 05:19:30
6847	14054E	Unoccupied	-37.7963061845697	144.958188592049	2019-01-10 05:19:30
4446	C7738	Unoccupied	-37.8031427644999	144.950438635368	2019-01-10 05:19:30
659	C180	Unoccupied	-37.808186243571	144.971581220198	2019-01-10 05:19:30
6285	13448E	Unoccupied	-37.8192721987048	144.948628680841	2019-01-10 05:19:30
6863	14086E	Unoccupied	-37.7951378654974	144.958330642186	2019-01-10 05:19:30
6859	14078E	Unoccupied	-37.7953677063282	144.958304089048	2019-01-10 05:19:30
6493	13828N	Unoccupied	-37.8158615404778	144.937450449933	2019-01-10 05:19:30
4976	9405S	Unoccupied	-37.8298997101023	144.967161033002	2019-01-10 05:19:30
3050	5156E	Present	-37.8027257191355	144.956944533913	2019-01-10 05:19:30
4043	C6124	Unoccupied	-37.8045161001453	144.952376611903	2019-01-10 05:19:30
4881	9302N	Unoccupied	-37.8291362040137	144.969355888671	2019-01-10 05:19:30
4699	8645W	Unoccupied	-37.8256205344541	144.962418798996	2019-01-10 05:19:30
6086	13237S	Present	-37.8199964628798	144.943559762149	2019-01-10 05:19:30
6434	13695W	Unoccupied	-37.8201441672748	144.945999776906	2019-01-10 05:19:30
6585	13779W	Unoccupied	-37.8133830934032	144.940833818371	2019-01-10 05:19:30
4256	C6844	Present	-37.8092295962456	144.95566836398	2019-01-10 05:19:30
3014	5090E	Unoccupied	-37.8045415810683	144.957785483135	2019-01-10 05:19:30
1497	1851S	Unoccupied	-37.8188561130219	144.959147911386	2019-01-10 05:19:30
4423	C7686	Unoccupied	-37.8036746553196	144.955183777959	2019-01-10 05:19:30
4266	C6864	Unoccupied	-37.8094292437793	144.955777797778	2019-01-10 05:19:30
5301	9539S	Unoccupied	-37.8282101682638	144.965114514498	2019-01-10 05:19:30
5302	9537S	Unoccupied	-37.8282165395732	144.965147651908	2019-01-10 05:19:30
3030	5130E	Unoccupied	-37.8031450431741	144.957139372455	2019-01-10 05:19:30
3016	5094E	Unoccupied	-37.8044552239107	144.95774694686	2019-01-10 05:19:30
5023	9457S	Unoccupied	-37.8302981194921	144.96578230859	2019-01-10 05:19:30
6679	8632E	Present	-37.825711781508	144.962506041605	2019-01-10 05:19:30
4578	8019W	Present	-37.8296269414982	144.968973419996	2019-01-10 05:19:30
4964	9393S	Unoccupied	-37.8298427305126	144.967357874567	2019-01-10 05:19:30
3273	5832E	Unoccupied	-37.8066912854204	144.953534217124	2019-01-10 05:19:30
2633	10103W	Unoccupied	-37.8034736263808	144.94792561151	2019-01-10 05:19:30
738	627W	Present	-37.8084865130405	144.968797089361	2019-01-10 05:19:30
3571	7099S	Present	-37.8090799435629	144.953202825867	2019-01-10 05:19:30
3766	C4876	Present	-37.8084875167223	144.957817151625	2019-01-10 05:19:30
3873	C5642	Unoccupied	-37.8068193235048	144.954981608612	2019-01-10 05:19:30
4449	C7744	Unoccupied	-37.8031260151049	144.95028936539	2019-01-10 05:19:30
4302	C6940	Unoccupied	-37.8093356516848	144.95606244658	2019-01-10 05:19:30
6425	13677W	Present	-37.820968983844	144.946215284389	2019-01-10 05:19:30
5068	9845S	Unoccupied	-37.8253574759816	144.969662594274	2019-01-10 05:19:30
6430	13687W	Unoccupied	-37.8203897398962	144.946062454143	2019-01-10 05:19:30
1739	2346N	Unoccupied	-37.8118446750194	144.971098675034	2019-01-10 05:19:30
1475	1789S	Unoccupied	-37.8173926311794	144.963899940057	2019-01-10 05:19:30
4240	C6804	Unoccupied	-37.8093343552287	144.956680062308	2019-01-10 05:19:30
6667	9361S	Unoccupied	-37.8296778293499	144.967925683657	2019-01-10 05:19:30
4985	9417S	Unoccupied	-37.8300892244305	144.966504237187	2019-01-10 05:19:30
6173	13236N	Unoccupied	-37.8194461267839	144.944834344043	2019-01-10 05:19:30
1827	2411S	Present	-37.810948116692	144.970706394889	2019-01-10 05:19:30
6898	14243W	Unoccupied	-37.7951369937754	144.964808472026	2019-01-10 05:19:30
3008	5072E	Unoccupied	-37.8049573861915	144.957976801863	2019-01-10 05:19:30
3939	C5794	Present	-37.8040103817766	144.955480758722	2019-01-10 05:19:30
3682	7642N	Unoccupied	-37.804951497075	144.948431030418	2019-01-10 05:19:30
663	C196	Present	-37.808091944618	144.971538144402	2019-01-10 05:19:30
5349	8879W	Unoccupied	-37.8251511707968	144.960876502529	2019-01-10 05:19:30
3998	C5964	Unoccupied	-37.8038030464326	144.954015658829	2019-01-10 05:19:30
4347	C7048	Unoccupied	-37.8075398683832	144.958297560358	2019-01-10 05:19:30
3563	7089S	Unoccupied	-37.8089818918761	144.953543851388	2019-01-10 05:19:30
3542	7062N	Unoccupied	-37.8085759492917	144.954428989799	2019-01-10 05:19:30
3623	7572N	Unoccupied	-37.8056443264619	144.954692128139	2019-01-10 05:19:30
5088	9886N	Unoccupied	-37.8254573294604	144.968952227307	2019-01-10 05:19:30
6398	13649W	Unoccupied	-37.8204306971259	144.945422219026	2019-01-10 05:19:30
646	C128	Unoccupied	-37.8087310379072	144.971831869057	2019-01-10 05:19:30
4235	C6784	Unoccupied	-37.8093508175429	144.956825979064	2019-01-10 05:19:30
5911	C9048	Unoccupied	-37.8029113521242	144.967383700544	2019-01-10 05:19:30
3891	C5688	Unoccupied	-37.8062945984034	144.955075327536	2019-01-10 05:19:30
4019	C6076	Unoccupied	-37.8051422384095	144.952264762853	2019-01-10 05:19:30
6422	13670E	Unoccupied	-37.8209831564256	144.945415847024	2019-01-10 05:19:30
6248	13400E	Unoccupied	-37.8190996569175	144.947227042813	2019-01-10 05:19:30
5305	9531S	Unoccupied	-37.8282557633992	144.965357638711	2019-01-10 05:19:30
4190	C6650	Present	-37.8085588970645	144.959068118377	2019-01-10 05:19:30
3995	C5958	Unoccupied	-37.80387723845	144.954002412543	2019-01-10 05:19:30
5880	12908N	Present	-37.7983669295669	144.965272832634	2019-01-10 05:19:30
4057	C6152	Unoccupied	-37.804040322946	144.952460017085	2019-01-10 05:19:30
6665	9355S	Present	-37.8296501143671	144.968021217181	2019-01-10 05:19:30
4575	8016E	Present	-37.8295829064454	144.969076483047	2019-01-10 05:19:30
803	C470	Unoccupied	-37.8115735348527	144.970333781793	2019-01-10 05:19:30
910	C666	Present	-37.8144523277208	144.968854308899	2019-01-10 05:19:30
3999	C5966	Unoccupied	-37.8037780447659	144.95402017467	2019-01-10 05:19:30
4237	C6792	Unoccupied	-37.8093442211298	144.95676751021	2019-01-10 05:19:30
2690	10199W	Present	-37.8035552055213	144.949439393626	2019-01-10 05:19:30
4278	C6892	Present	-37.8092850568377	144.95580487255	2019-01-10 05:19:30
756	C264	Unoccupied	-37.8152891621312	144.972047829445	2019-01-10 05:19:30
4246	C6824	Unoccupied	-37.8094814466938	144.955620105795	2019-01-10 05:19:30
4053	C6144	Unoccupied	-37.804224394939	144.952427871581	2019-01-10 05:19:30
3009	5078E	Unoccupied	-37.8048514038259	144.957927788159	2019-01-10 05:19:30
3883	C5662	Unoccupied	-37.8065420722321	144.955031097152	2019-01-10 05:19:30
2905	4871W	Unoccupied	-37.8085867893982	144.957687970424	2019-01-10 05:19:30
4260	C6852	Unoccupied	-37.8095105922737	144.955762627452	2019-01-10 05:19:30
5121	9934N	Unoccupied	-37.825856016479	144.967604598811	2019-01-10 05:19:30
4303	C6942	Unoccupied	-37.8093100143545	144.9560037846	2019-01-10 05:19:30
4907	9329S	Unoccupied	-37.8295249771529	144.968452567366	2019-01-10 05:19:30
4263	C6858	Unoccupied	-37.8094758130685	144.955831967115	2019-01-10 05:19:30
4283	C6902	Unoccupied	-37.8092503849034	144.955874212682	2019-01-10 05:19:30
4068	C6174	Unoccupied	-37.8037592334965	144.952509993382	2019-01-10 05:19:30
3996	C5960	Unoccupied	-37.8038525407131	144.954006818992	2019-01-10 05:19:30
4852	9254N	Unoccupied	-37.8288523616401	144.970333154138	2019-01-10 05:19:30
4063	C6164	Unoccupied	-37.8038856390079	144.952487616658	2019-01-10 05:19:30
3086	5228E	Unoccupied	-37.8053053192039	144.957292993812	2019-01-10 05:19:30
3223	5560E	Unoccupied	-37.8064401963893	144.954105632143	2019-01-10 05:19:30
919	C692	Unoccupied	-37.8142159676857	144.968748031269	2019-01-10 05:19:30
3940	C5796	Unoccupied	-37.8039854079213	144.9554852484	2019-01-10 05:19:30
4064	C6166	Unoccupied	-37.803862192163	144.952491725118	2019-01-10 05:19:30
629	89W	Unoccupied	-37.8088864111522	144.971778092482	2019-01-10 05:19:30
4287	C6910	Unoccupied	-37.809209968604	144.955881794626	2019-01-10 05:19:30
4054	C6146	Unoccupied	-37.804202334724	144.952431811229	2019-01-10 05:19:30
2449	C2774	Present	-37.8102605784755	144.969150932932	2019-01-10 05:19:30
4284	C6904	Present	-37.8092250585829	144.955816169969	2019-01-10 05:19:30
5078	9862N	Unoccupied	-37.8252334026592	144.969717939377	2019-01-10 05:19:30
3978	C5924	Unoccupied	-37.8042983436044	144.953927434373	2019-01-10 05:19:30
4354	C7136	Unoccupied	-37.8084310108724	144.952701317519	2019-01-10 05:19:30
3994	C5956	Present	-37.8039020561202	144.953998010068	2019-01-10 05:19:30
4989	9421S	Present	-37.8301100761067	144.966432177232	2019-01-10 05:19:30
6699	C146	Unoccupied	-37.8086131983762	144.971777782977	2019-01-10 05:19:30
5246	11517S	Unoccupied	-37.8117893983526	144.952269969307	2019-01-10 05:19:30
3095	5246E	Present	-37.80510084909	144.957332876956	2019-01-10 05:19:30
3997	C5962	Unoccupied	-37.8038276659928	144.954011222004	2019-01-10 05:19:30
4014	C6066	Unoccupied	-37.8057341332474	144.952162669931	2019-01-10 05:19:30
2288	2678N	Unoccupied	-37.8096965551696	144.97074848371	2019-01-10 05:19:30
3588	7146N	Unoccupied	-37.8084543833189	144.952395789912	2019-01-10 05:19:30
5003	9435S	Unoccupied	-37.8301833369466	144.966178992768	2019-01-10 05:19:30
6125	C13604	Unoccupied	-37.8195554794374	144.944769359315	2019-01-10 05:19:30
4257	C6846	Unoccupied	-37.8092097066609	144.955671914376	2019-01-10 05:19:30
3969	C5906	Present	-37.8046311128675	144.953867975077	2019-01-10 05:19:30
4312	C6960	Unoccupied	-37.8092351900412	144.956080912323	2019-01-10 05:19:30
4001	C6038	Unoccupied	-37.8061697366074	144.952084505002	2019-01-10 05:19:30
631	90E	Unoccupied	-37.8088497943303	144.97200883401	2019-01-10 05:19:30
6174	13238N	Unoccupied	-37.8194740256962	144.944738065267	2019-01-10 05:19:30
3968	C5904	Present	-37.8046555633327	144.953863619249	2019-01-10 05:19:30
3708	7674N	Unoccupied	-37.8037816868017	144.956989012181	2019-01-10 05:19:30
758	C272	Unoccupied	-37.8152434488316	144.972026792617	2019-01-10 05:19:30
6850	14060E	Unoccupied	-37.7961549667504	144.958207352963	2019-01-10 05:19:30
4071	C6180	Unoccupied	-37.8036897028738	144.952522424575	2019-01-10 05:19:30
3585	7139S	Unoccupied	-37.8085010764647	144.952642936396	2019-01-10 05:19:30
3988	C5944	Unoccupied	-37.8040506292668	144.953971512787	2019-01-10 05:19:30
4247	C6826	Unoccupied	-37.8094589409857	144.955623816976	2019-01-10 05:19:30
4356	C7142	Unoccupied	-37.8084679148484	144.952573345206	2019-01-10 05:19:30
6907	14261W	Unoccupied	-37.7945105879319	144.964885447022	2019-01-10 05:19:30
688	354E	Unoccupied	-37.8136573495213	144.971418966363	2019-01-10 05:19:30
2731	4380E	Unoccupied	-37.8089603385754	144.960841699544	2019-01-10 05:19:30
5081	9868N	Unoccupied	-37.8252577505616	144.969634526805	2019-01-10 05:19:30
3226	5578E	Present	-37.8062368771368	144.954012886769	2019-01-10 05:19:30
5073	9852N	Unoccupied	-37.8251926890853	144.969857526495	2019-01-10 05:19:30
650	C144	Unoccupied	-37.8086367659653	144.971788587003	2019-01-10 05:19:30
5129	9942N	Unoccupied	-37.8258852691315	144.967503826793	2019-01-10 05:19:30
4238	C6796	Unoccupied	-37.8093409212461	144.956738257116	2019-01-10 05:19:30
6908	14263W	Unoccupied	-37.7944516138026	144.964884581194	2019-01-10 05:19:30
3572	7101S	Unoccupied	-37.8090992628899	144.953135589976	2019-01-10 05:19:30
6389	13641W	Unoccupied	-37.81996243487	144.944289	2019-01-10 05:19:30
4046	C6130	Present	-37.8043859523741	144.952399189662	2019-01-10 05:19:30
5070	9847S	Unoccupied	-37.825376444638	144.969598489633	2019-01-10 05:19:30
4182	C6634	Unoccupied	-37.808488255541	144.959312397147	2019-01-10 05:19:30
3941	C5798	Unoccupied	-37.8039595419912	144.955489897823	2019-01-10 05:19:30
4245	C6822	Unoccupied	-37.8095064540808	144.955616009563	2019-01-10 05:19:30
5075	9856N	Unoccupied	-37.8252089896071	144.969801664577	2019-01-10 05:19:30
690	362E	Unoccupied	-37.8135617820847	144.971374629422	2019-01-10 05:19:30
4991	9423S	Present	-37.8301205862608	144.966395851502	2019-01-10 05:19:30
5126	9939S	Unoccupied	-37.8259880250735	144.967501814044	2019-01-10 05:19:30
3676	7636N	Unoccupied	-37.8049610018254	144.948515349104	2019-01-10 05:19:30
4982	9413S	Unoccupied	-37.8300681775407	144.966576971679	2019-01-10 05:19:30
3665	7624N	Unoccupied	-37.8049813412123	144.94869750252	2019-01-10 05:19:30
5077	9860N	Unoccupied	-37.8252253057963	144.969745426857	2019-01-10 05:19:30
5122	9935S	Unoccupied	-37.8259509924894	144.967628610386	2019-01-10 05:19:30
5133	9946N	Unoccupied	-37.8258999958464	144.967453552155	2019-01-10 05:19:30
3989	C5946	Unoccupied	-37.8040262217231	144.953975853403	2019-01-10 05:19:30
3025	5119W	Unoccupied	-37.8035904950043	144.957221806424	2019-01-10 05:19:30
3568	7096N	Unoccupied	-37.808931035063	144.953198110017	2019-01-10 05:19:30
4244	C6820	Unoccupied	-37.8095328985147	144.955611589752	2019-01-10 05:19:30
3979	C5926	Unoccupied	-37.8042743133903	144.953931708999	2019-01-10 05:19:30
4062	C6162	Unoccupied	-37.8039084565202	144.952483415941	2019-01-10 05:19:30
3976	C5920	Present	-37.8043459214958	144.95391903137	2019-01-10 05:19:30
5859	C9138	Unoccupied	-37.7984177796222	144.964895292909	2019-01-10 05:19:30
2098	3609S	Unoccupied	-37.8078152369797	144.970148881521	2019-01-10 05:19:30
3983	C5934	Unoccupied	-37.8041744476192	144.953949389047	2019-01-10 05:19:30
6845	14050E	Unoccupied	-37.7964074546044	144.958175843361	2019-01-10 05:19:30
6848	14056E	Unoccupied	-37.7962557278338	144.958194829096	2019-01-10 05:19:30
2908	4877W	Unoccupied	-37.8085242487772	144.957699050336	2019-01-10 05:19:30
3006	5066E	Unoccupied	-37.8050670090527	144.958027069445	2019-01-10 05:19:30
1829	2495S	Unoccupied	-37.810477895246	144.972307227825	2019-01-10 05:19:30
875	771W	Unoccupied	-37.8123193054764	144.967751422259	2019-01-10 05:19:30
4439	C7718	Unoccupied	-37.8035799715488	144.954346584692	2019-01-10 05:19:30
5852	C9110	Unoccupied	-37.7983947456458	144.964679622142	2019-01-10 05:19:30
4846	9246N	Unoccupied	-37.8287788910427	144.970586824335	2019-01-10 05:19:30
4313	C6962	Unoccupied	-37.8092076912099	144.956022555313	2019-01-10 05:19:30
4066	C6170	Unoccupied	-37.8038112327885	144.952500786054	2019-01-10 05:19:30
3986	C5940	Unoccupied	-37.8041002336053	144.953962664895	2019-01-10 05:19:30
637	98E	Unoccupied	-37.8087483274348	144.97196222824	2019-01-10 05:19:30
3281	5844E	Unoccupied	-37.8065520920415	144.953558766649	2019-01-10 05:19:30
4999	9431S	Unoccupied	-37.8301626011043	144.966250654289	2019-01-10 05:19:30
3977	C5922	Unoccupied	-37.8043224686559	144.953923148238	2019-01-10 05:19:30
3992	C5952	Unoccupied	-37.8039515513085	144.953989155483	2019-01-10 05:19:30
3899	C5710	Unoccupied	-37.8054482505183	144.955222267602	2019-01-10 05:19:30
5861	C9126	Unoccupied	-37.798408001447	144.964803532385	2019-01-10 05:19:30
4851	9252N	Unoccupied	-37.828841978202	144.970368903732	2019-01-10 05:19:30
4993	9425S	Unoccupied	-37.8301310897077	144.966359555488	2019-01-10 05:19:30
3087	5230E	Unoccupied	-37.8052830771661	144.95729722977	2019-01-10 05:19:30
577	126E	Unoccupied	-37.808331599821	144.97177073995	2019-01-10 05:19:30
580	134E	Unoccupied	-37.8082304836055	144.971724149314	2019-01-10 05:19:30
4917	9339S	Unoccupied	-37.8295696721793	144.968298609976	2019-01-10 05:19:30
6901	14249W	Unoccupied	-37.7949680423341	144.964836858312	2019-01-10 05:19:30
