Time	Occupied	bay_id
2019-01-16 19:10:31	0	567
2019-01-16 19:10:31	0	568
2019-01-16 19:10:31	0	569
2019-01-16 19:10:31	1	570
2019-01-16 19:10:31	0	571
2019-01-16 19:10:31	1	572
2019-01-16 19:10:31	0	573
2019-01-16 19:10:31	0	574
2019-01-16 19:10:31	0	575
2019-01-16 19:10:31	0	576
2019-01-16 19:10:31	0	577
2019-01-16 19:10:31	1	578
2019-01-16 19:10:31	0	579
2019-01-16 19:10:31	0	580
2019-01-16 19:10:31	0	581
2019-01-16 19:10:31	1	585
2019-01-16 19:10:31	0	586
2019-01-16 19:10:31	1	587
2019-01-16 19:10:31	0	588
2019-01-16 19:10:31	0	589
2019-01-16 19:10:31	1	590
2019-01-16 19:10:31	1	591
2019-01-16 19:10:31	1	592
2019-01-16 19:10:31	1	594
2019-01-16 19:10:31	0	595
2019-01-16 19:10:31	0	604
2019-01-16 19:10:31	0	605
2019-01-16 19:10:31	0	606
2019-01-16 19:10:31	0	607
2019-01-16 19:10:31	0	609
2019-01-16 19:10:31	1	610
2019-01-16 19:10:31	1	623
2019-01-16 19:10:31	1	624
2019-01-16 19:10:31	1	625
2019-01-16 19:10:31	1	626
2019-01-16 19:10:31	1	627
2019-01-16 19:10:31	0	628
2019-01-16 19:10:31	0	629
2019-01-16 19:10:31	1	630
2019-01-16 19:10:31	1	631
2019-01-16 19:10:31	0	632
2019-01-16 19:10:31	0	633
2019-01-16 19:10:31	0	634
2019-01-16 19:10:31	0	635
2019-01-16 19:10:31	0	637
2019-01-16 19:10:31	1	639
2019-01-16 19:10:31	1	640
2019-01-16 19:10:31	1	641
2019-01-16 19:10:31	0	643
2019-01-16 19:10:31	0	644
2019-01-16 19:10:31	0	645
2019-01-16 19:10:31	0	646
2019-01-16 19:10:31	0	649
2019-01-16 19:10:31	0	650
2019-01-16 19:10:31	0	652
2019-01-16 19:10:31	0	653
2019-01-16 19:10:31	0	654
2019-01-16 19:10:31	1	655
2019-01-16 19:10:31	1	656
2019-01-16 19:10:31	0	657
2019-01-16 19:10:31	1	658
2019-01-16 19:10:31	0	659
2019-01-16 19:10:31	0	660
2019-01-16 19:10:31	0	661
2019-01-16 19:10:31	0	662
2019-01-16 19:10:31	0	663
2019-01-16 19:10:31	1	673
2019-01-16 19:10:31	0	674
2019-01-16 19:10:31	1	675
2019-01-16 19:10:31	1	676
2019-01-16 19:10:31	1	677
2019-01-16 19:10:31	1	678
2019-01-16 19:10:31	1	679
2019-01-16 19:10:31	1	680
2019-01-16 19:10:31	1	681
2019-01-16 19:10:31	1	682
2019-01-16 19:10:31	0	683
2019-01-16 19:10:31	1	684
2019-01-16 19:10:31	1	685
2019-01-16 19:10:31	1	687
2019-01-16 19:10:31	1	688
2019-01-16 19:10:31	1	690
2019-01-16 19:10:31	1	696
2019-01-16 19:10:31	1	697
2019-01-16 19:10:31	1	698
2019-01-16 19:10:31	1	699
2019-01-16 19:10:31	1	701
2019-01-16 19:10:31	1	702
2019-01-16 19:10:31	0	703
2019-01-16 19:10:31	0	705
2019-01-16 19:10:31	1	706
2019-01-16 19:10:31	1	708
2019-01-16 19:10:31	0	710
2019-01-16 19:10:31	0	712
2019-01-16 19:10:31	1	713
2019-01-16 19:10:31	1	716
2019-01-16 19:10:31	0	718
2019-01-16 19:10:31	1	719
2019-01-16 19:10:31	1	720
2019-01-16 19:10:31	1	721
2019-01-16 19:10:31	0	722
2019-01-16 19:10:31	0	723
2019-01-16 19:10:31	1	724
2019-01-16 19:10:31	0	725
2019-01-16 19:10:31	0	726
2019-01-16 19:10:31	0	727
2019-01-16 19:10:31	1	728
2019-01-16 19:10:31	0	729
2019-01-16 19:10:31	1	730
2019-01-16 19:10:31	1	731
2019-01-16 19:10:31	1	733
2019-01-16 19:10:31	1	734
2019-01-16 19:10:31	1	737
2019-01-16 19:10:31	1	738
2019-01-16 19:10:31	1	739
2019-01-16 19:10:31	1	740
2019-01-16 19:10:31	1	741
2019-01-16 19:10:31	1	742
2019-01-16 19:10:31	1	743
2019-01-16 19:10:31	1	744
2019-01-16 19:10:31	1	745
2019-01-16 19:10:31	1	746
2019-01-16 19:10:31	1	747
2019-01-16 19:10:31	1	748
2019-01-16 19:10:31	0	749
2019-01-16 19:10:31	1	751
2019-01-16 19:10:31	1	752
2019-01-16 19:10:31	0	753
2019-01-16 19:10:31	1	754
2019-01-16 19:10:31	1	755
2019-01-16 19:10:31	1	756
2019-01-16 19:10:31	1	757
2019-01-16 19:10:31	1	758
2019-01-16 19:10:31	1	759
2019-01-16 19:10:31	1	760
2019-01-16 19:10:31	1	763
2019-01-16 19:10:31	1	764
2019-01-16 19:10:31	1	765
2019-01-16 19:10:31	1	766
2019-01-16 19:10:31	1	767
2019-01-16 19:10:31	1	769
2019-01-16 19:10:31	1	770
2019-01-16 19:10:31	1	771
2019-01-16 19:10:31	1	772
2019-01-16 19:10:31	1	773
2019-01-16 19:10:31	0	774
2019-01-16 19:10:31	1	775
2019-01-16 19:10:31	1	776
2019-01-16 19:10:31	1	790
2019-01-16 19:10:31	1	791
2019-01-16 19:10:31	1	792
2019-01-16 19:10:31	1	796
2019-01-16 19:10:31	1	797
2019-01-16 19:10:31	1	799
2019-01-16 19:10:31	1	800
2019-01-16 19:10:31	1	801
2019-01-16 19:10:31	1	802
2019-01-16 19:10:31	1	803
2019-01-16 19:10:31	0	804
2019-01-16 19:10:31	1	806
2019-01-16 19:10:31	0	807
2019-01-16 19:10:31	1	808
2019-01-16 19:10:31	0	809
2019-01-16 19:10:31	0	810
2019-01-16 19:10:31	1	811
2019-01-16 19:10:31	0	813
2019-01-16 19:10:31	0	815
2019-01-16 19:10:31	0	822
2019-01-16 19:10:31	1	823
2019-01-16 19:10:31	1	825
2019-01-16 19:10:31	1	826
2019-01-16 19:10:31	1	827
2019-01-16 19:10:31	1	828
2019-01-16 19:10:31	1	829
2019-01-16 19:10:31	1	830
2019-01-16 19:10:31	1	831
2019-01-16 19:10:31	1	833
2019-01-16 19:10:31	1	834
2019-01-16 19:10:31	1	835
2019-01-16 19:10:31	1	836
2019-01-16 19:10:31	1	840
2019-01-16 19:10:31	1	842
2019-01-16 19:10:31	1	843
2019-01-16 19:10:31	1	844
2019-01-16 19:10:31	1	845
2019-01-16 19:10:31	1	846
2019-01-16 19:10:31	1	847
2019-01-16 19:10:31	1	848
2019-01-16 19:10:31	0	850
2019-01-16 19:10:31	0	857
2019-01-16 19:10:31	1	858
2019-01-16 19:10:31	1	862
2019-01-16 19:10:31	1	864
2019-01-16 19:10:31	1	865
2019-01-16 19:10:31	1	867
2019-01-16 19:10:31	1	869
2019-01-16 19:10:31	1	870
2019-01-16 19:10:31	0	873
2019-01-16 19:10:31	1	874
2019-01-16 19:10:31	1	876
2019-01-16 19:10:31	1	877
2019-01-16 19:10:31	1	878
2019-01-16 19:10:31	1	881
2019-01-16 19:10:31	1	883
2019-01-16 19:10:31	1	884
2019-01-16 19:10:31	1	886
2019-01-16 19:10:31	1	887
2019-01-16 19:10:31	1	888
2019-01-16 19:10:31	1	911
2019-01-16 19:10:31	1	912
2019-01-16 19:10:31	1	913
2019-01-16 19:10:31	1	914
2019-01-16 19:10:31	1	916
2019-01-16 19:10:31	1	917
2019-01-16 19:10:31	1	918
2019-01-16 19:10:31	1	919
2019-01-16 19:10:31	1	927
2019-01-16 19:10:31	1	928
2019-01-16 19:10:31	1	929
2019-01-16 19:10:31	1	930
2019-01-16 19:10:31	0	932
2019-01-16 19:10:31	1	933
2019-01-16 19:10:31	1	934
2019-01-16 19:10:31	1	940
2019-01-16 19:10:31	1	941
2019-01-16 19:10:31	1	942
2019-01-16 19:10:31	1	943
2019-01-16 19:10:31	1	944
2019-01-16 19:10:31	1	945
2019-01-16 19:10:31	1	946
2019-01-16 19:10:31	1	947
2019-01-16 19:10:31	0	948
2019-01-16 19:10:31	1	949
2019-01-16 19:10:31	0	950
2019-01-16 19:10:31	1	951
2019-01-16 19:10:31	1	952
2019-01-16 19:10:31	1	953
2019-01-16 19:10:31	1	954
2019-01-16 19:10:31	1	956
2019-01-16 19:10:31	1	957
2019-01-16 19:10:31	1	958
2019-01-16 19:10:31	1	981
2019-01-16 19:10:31	0	982
2019-01-16 19:10:31	1	983
2019-01-16 19:10:31	1	984
2019-01-16 19:10:31	0	985
2019-01-16 19:10:31	1	1005
2019-01-16 19:10:31	0	1006
2019-01-16 19:10:31	0	1007
2019-01-16 19:10:31	1	1009
2019-01-16 19:10:31	0	1011
2019-01-16 19:10:31	1	1012
2019-01-16 19:10:31	1	1013
2019-01-16 19:10:31	0	1015
2019-01-16 19:10:31	1	1022
2019-01-16 19:10:31	1	1023
2019-01-16 19:10:31	0	1024
2019-01-16 19:10:31	0	1025
2019-01-16 19:10:31	0	1026
2019-01-16 19:10:31	0	1027
2019-01-16 19:10:31	0	1028
2019-01-16 19:10:31	0	1029
2019-01-16 19:10:31	0	1030
2019-01-16 19:10:31	1	1031
2019-01-16 19:10:31	0	1032
2019-01-16 19:10:31	1	1033
2019-01-16 19:10:31	0	1034
2019-01-16 19:10:31	0	1035
2019-01-16 19:10:31	0	1036
2019-01-16 19:10:31	1	1037
2019-01-16 19:10:31	0	1038
2019-01-16 19:10:31	1	1039
2019-01-16 19:10:31	1	1040
2019-01-16 19:10:31	0	1041
2019-01-16 19:10:31	1	1053
2019-01-16 19:10:31	0	1055
2019-01-16 19:10:31	0	1057
2019-01-16 19:10:31	0	1058
2019-01-16 19:10:31	0	1060
2019-01-16 19:10:31	1	1063
2019-01-16 19:10:31	1	1067
2019-01-16 19:10:31	0	1070
2019-01-16 19:10:31	1	1087
2019-01-16 19:10:31	1	1088
2019-01-16 19:10:31	1	1089
2019-01-16 19:10:31	1	1090
2019-01-16 19:10:31	1	1091
2019-01-16 19:10:31	1	1092
2019-01-16 19:10:31	1	1094
2019-01-16 19:10:31	1	1095
2019-01-16 19:10:31	1	1096
2019-01-16 19:10:31	1	1097
2019-01-16 19:10:31	1	1098
2019-01-16 19:10:31	1	1099
2019-01-16 19:10:31	0	1100
2019-01-16 19:10:31	1	1101
2019-01-16 19:10:31	1	1102
2019-01-16 19:10:31	1	1103
2019-01-16 19:10:31	0	1104
2019-01-16 19:10:31	1	1105
2019-01-16 19:10:31	1	1106
2019-01-16 19:10:31	1	1107
2019-01-16 19:10:31	1	1108
2019-01-16 19:10:31	1	1109
2019-01-16 19:10:31	0	1110
2019-01-16 19:10:31	1	1111
2019-01-16 19:10:31	1	1112
2019-01-16 19:10:31	1	1113
2019-01-16 19:10:31	1	1114
2019-01-16 19:10:31	0	1116
2019-01-16 19:10:31	1	1118
2019-01-16 19:10:31	1	1119
2019-01-16 19:10:31	1	1120
2019-01-16 19:10:31	1	1122
2019-01-16 19:10:31	1	1123
2019-01-16 19:10:31	1	1124
2019-01-16 19:10:31	1	1125
2019-01-16 19:10:31	0	1126
2019-01-16 19:10:31	1	1127
2019-01-16 19:10:31	1	1129
2019-01-16 19:10:31	1	1133
2019-01-16 19:10:31	1	1134
2019-01-16 19:10:31	0	1137
2019-01-16 19:10:31	1	1138
2019-01-16 19:10:31	0	1139
2019-01-16 19:10:31	1	1140
2019-01-16 19:10:31	1	1141
2019-01-16 19:10:31	0	1142
2019-01-16 19:10:31	1	1143
2019-01-16 19:10:31	1	1144
2019-01-16 19:10:31	1	1145
2019-01-16 19:10:31	1	1146
2019-01-16 19:10:31	1	1147
2019-01-16 19:10:31	1	1148
2019-01-16 19:10:31	1	1149
2019-01-16 19:10:31	1	1150
2019-01-16 19:10:31	1	1151
2019-01-16 19:10:31	1	1153
2019-01-16 19:10:31	1	1154
2019-01-16 19:10:31	1	1155
2019-01-16 19:10:31	1	1156
2019-01-16 19:10:31	1	1157
2019-01-16 19:10:31	1	1158
2019-01-16 19:10:31	1	1159
2019-01-16 19:10:31	1	1161
2019-01-16 19:10:31	0	1162
2019-01-16 19:10:31	1	1163
2019-01-16 19:10:31	1	1164
2019-01-16 19:10:31	0	1264
2019-01-16 19:10:31	0	1266
2019-01-16 19:10:31	0	1268
2019-01-16 19:10:31	0	1274
2019-01-16 19:10:31	0	1278
2019-01-16 19:10:31	0	1279
2019-01-16 19:10:31	0	1280
2019-01-16 19:10:31	0	1285
2019-01-16 19:10:31	0	1287
2019-01-16 19:10:31	0	1291
2019-01-16 19:10:31	0	1297
2019-01-16 19:10:31	1	1298
2019-01-16 19:10:31	0	1300
2019-01-16 19:10:31	0	1304
2019-01-16 19:10:31	0	1305
2019-01-16 19:10:31	0	1307
2019-01-16 19:10:31	0	1313
2019-01-16 19:10:31	0	1315
2019-01-16 19:10:31	0	1316
2019-01-16 19:10:31	0	1318
2019-01-16 19:10:31	0	1321
2019-01-16 19:10:31	1	1322
2019-01-16 19:10:31	0	1324
2019-01-16 19:10:31	0	1325
2019-01-16 19:10:31	0	1326
2019-01-16 19:10:31	0	1327
2019-01-16 19:10:31	0	1328
2019-01-16 19:10:31	0	1329
2019-01-16 19:10:31	0	1338
2019-01-16 19:10:31	0	1348
2019-01-16 19:10:31	0	1350
2019-01-16 19:10:31	0	1352
2019-01-16 19:10:31	0	1353
2019-01-16 19:10:31	0	1354
2019-01-16 19:10:31	0	1356
2019-01-16 19:10:31	1	1358
2019-01-16 19:10:31	1	1359
2019-01-16 19:10:31	0	1398
2019-01-16 19:10:31	0	1399
2019-01-16 19:10:31	0	1400
2019-01-16 19:10:31	0	1407
2019-01-16 19:10:31	1	1410
2019-01-16 19:10:31	1	1411
2019-01-16 19:10:31	1	1412
2019-01-16 19:10:31	0	1413
2019-01-16 19:10:31	0	1414
2019-01-16 19:10:31	0	1415
2019-01-16 19:10:31	0	1416
2019-01-16 19:10:31	1	1417
2019-01-16 19:10:31	1	1419
2019-01-16 19:10:31	0	1427
2019-01-16 19:10:31	0	1428
2019-01-16 19:10:31	0	1429
2019-01-16 19:10:31	1	1452
2019-01-16 19:10:31	1	1453
2019-01-16 19:10:31	1	1454
2019-01-16 19:10:31	0	1470
2019-01-16 19:10:31	0	1471
2019-01-16 19:10:31	1	1472
2019-01-16 19:10:31	0	1473
2019-01-16 19:10:31	1	1474
2019-01-16 19:10:31	1	1475
2019-01-16 19:10:31	1	1495
2019-01-16 19:10:31	1	1496
2019-01-16 19:10:31	0	1497
2019-01-16 19:10:31	1	1501
2019-01-16 19:10:31	1	1503
2019-01-16 19:10:31	1	1504
2019-01-16 19:10:31	1	1528
2019-01-16 19:10:31	1	1530
2019-01-16 19:10:31	1	1531
2019-01-16 19:10:31	0	1532
2019-01-16 19:10:31	1	1535
2019-01-16 19:10:31	1	1536
2019-01-16 19:10:31	1	1537
2019-01-16 19:10:31	0	1538
2019-01-16 19:10:31	1	1539
2019-01-16 19:10:31	0	1540
2019-01-16 19:10:31	1	1541
2019-01-16 19:10:31	1	1542
2019-01-16 19:10:31	1	1543
2019-01-16 19:10:31	1	1544
2019-01-16 19:10:31	1	1545
2019-01-16 19:10:31	0	1586
2019-01-16 19:10:31	1	1588
2019-01-16 19:10:31	0	1589
2019-01-16 19:10:31	0	1590
2019-01-16 19:10:31	1	1591
2019-01-16 19:10:31	0	1593
2019-01-16 19:10:31	0	1597
2019-01-16 19:10:31	0	1615
2019-01-16 19:10:31	1	1647
2019-01-16 19:10:31	1	1648
2019-01-16 19:10:31	1	1652
2019-01-16 19:10:31	1	1653
2019-01-16 19:10:31	1	1654
2019-01-16 19:10:31	1	1655
2019-01-16 19:10:31	1	1657
2019-01-16 19:10:31	1	1658
2019-01-16 19:10:31	1	1659
2019-01-16 19:10:31	0	1674
2019-01-16 19:10:31	1	1678
2019-01-16 19:10:31	0	1681
2019-01-16 19:10:31	0	1683
2019-01-16 19:10:31	1	1684
2019-01-16 19:10:31	1	1685
2019-01-16 19:10:31	1	1686
2019-01-16 19:10:31	1	1687
2019-01-16 19:10:31	1	1688
2019-01-16 19:10:31	0	1689
2019-01-16 19:10:31	1	1690
2019-01-16 19:10:31	1	1693
2019-01-16 19:10:31	0	1696
2019-01-16 19:10:31	0	1697
2019-01-16 19:10:31	1	1702
2019-01-16 19:10:31	1	1704
2019-01-16 19:10:31	1	1705
2019-01-16 19:10:31	0	1706
2019-01-16 19:10:31	0	1707
2019-01-16 19:10:31	0	1728
2019-01-16 19:10:31	1	1729
2019-01-16 19:10:31	1	1730
2019-01-16 19:10:31	1	1731
2019-01-16 19:10:31	1	1732
2019-01-16 19:10:31	1	1733
2019-01-16 19:10:31	1	1734
2019-01-16 19:10:31	1	1735
2019-01-16 19:10:31	1	1736
2019-01-16 19:10:31	1	1738
2019-01-16 19:10:31	1	1739
2019-01-16 19:10:31	0	1741
2019-01-16 19:10:31	1	1744
2019-01-16 19:10:31	1	1745
2019-01-16 19:10:31	1	1747
2019-01-16 19:10:31	0	1748
2019-01-16 19:10:31	1	1749
2019-01-16 19:10:31	1	1750
2019-01-16 19:10:31	1	1751
2019-01-16 19:10:31	1	1752
2019-01-16 19:10:31	0	1753
2019-01-16 19:10:31	1	1755
2019-01-16 19:10:31	1	1757
2019-01-16 19:10:31	0	1759
2019-01-16 19:10:31	1	1761
2019-01-16 19:10:31	0	1762
2019-01-16 19:10:31	1	1763
2019-01-16 19:10:31	1	1764
2019-01-16 19:10:31	1	1766
2019-01-16 19:10:31	1	1767
2019-01-16 19:10:31	1	1769
2019-01-16 19:10:31	0	1770
2019-01-16 19:10:31	1	1771
2019-01-16 19:10:31	1	1772
2019-01-16 19:10:31	0	1789
2019-01-16 19:10:31	0	1790
2019-01-16 19:10:31	1	1797
2019-01-16 19:10:31	0	1798
2019-01-16 19:10:31	0	1799
2019-01-16 19:10:31	0	1800
2019-01-16 19:10:31	0	1827
2019-01-16 19:10:31	1	1828
2019-01-16 19:10:31	1	1829
2019-01-16 19:10:31	0	1830
2019-01-16 19:10:31	0	1834
2019-01-16 19:10:31	0	1835
2019-01-16 19:10:31	0	1836
2019-01-16 19:10:31	0	1841
2019-01-16 19:10:31	1	1843
2019-01-16 19:10:31	1	1844
2019-01-16 19:10:31	1	1845
2019-01-16 19:10:31	1	1847
2019-01-16 19:10:31	1	1848
2019-01-16 19:10:31	1	1849
2019-01-16 19:10:31	1	1850
2019-01-16 19:10:31	1	1851
2019-01-16 19:10:31	0	1852
2019-01-16 19:10:31	1	1853
2019-01-16 19:10:31	1	1854
2019-01-16 19:10:31	1	1855
2019-01-16 19:10:31	1	1856
2019-01-16 19:10:31	1	1857
2019-01-16 19:10:31	0	1858
2019-01-16 19:10:31	1	1859
2019-01-16 19:10:31	0	1860
2019-01-16 19:10:31	1	1861
2019-01-16 19:10:31	1	1862
2019-01-16 19:10:31	1	1863
2019-01-16 19:10:31	1	1864
2019-01-16 19:10:31	1	1866
2019-01-16 19:10:31	0	1867
2019-01-16 19:10:31	0	1868
2019-01-16 19:10:31	0	1870
2019-01-16 19:10:31	1	1873
2019-01-16 19:10:31	0	1875
2019-01-16 19:10:31	1	1890
2019-01-16 19:10:31	1	1891
2019-01-16 19:10:31	0	1895
2019-01-16 19:10:31	0	1896
2019-01-16 19:10:31	1	1897
2019-01-16 19:10:31	1	1899
2019-01-16 19:10:31	0	1900
2019-01-16 19:10:31	1	1901
2019-01-16 19:10:31	1	1919
2019-01-16 19:10:31	1	1920
2019-01-16 19:10:31	1	1922
2019-01-16 19:10:31	1	1951
2019-01-16 19:10:31	1	1952
2019-01-16 19:10:31	1	1954
2019-01-16 19:10:31	1	1955
2019-01-16 19:10:31	0	1956
2019-01-16 19:10:31	0	1957
2019-01-16 19:10:31	1	1958
2019-01-16 19:10:31	1	1959
2019-01-16 19:10:31	1	1961
2019-01-16 19:10:31	0	1964
2019-01-16 19:10:31	0	1965
2019-01-16 19:10:31	1	1966
2019-01-16 19:10:31	1	1967
2019-01-16 19:10:31	1	1978
2019-01-16 19:10:31	1	1979
2019-01-16 19:10:31	1	1980
2019-01-16 19:10:31	1	1981
2019-01-16 19:10:31	1	1983
2019-01-16 19:10:31	1	1984
2019-01-16 19:10:31	1	1988
2019-01-16 19:10:31	1	1990
2019-01-16 19:10:31	1	1992
2019-01-16 19:10:31	1	1994
2019-01-16 19:10:31	0	2005
2019-01-16 19:10:31	1	2006
2019-01-16 19:10:31	0	2016
2019-01-16 19:10:31	1	2018
2019-01-16 19:10:31	0	2019
2019-01-16 19:10:31	0	2020
2019-01-16 19:10:31	0	2022
2019-01-16 19:10:31	0	2023
2019-01-16 19:10:31	1	2024
2019-01-16 19:10:31	0	2025
2019-01-16 19:10:31	1	2026
2019-01-16 19:10:31	0	2027
2019-01-16 19:10:31	0	2029
2019-01-16 19:10:31	0	2030
2019-01-16 19:10:31	0	2031
2019-01-16 19:10:31	0	2032
2019-01-16 19:10:31	1	2033
2019-01-16 19:10:31	0	2034
2019-01-16 19:10:31	1	2035
2019-01-16 19:10:31	0	2036
2019-01-16 19:10:31	1	2037
2019-01-16 19:10:31	1	2038
2019-01-16 19:10:31	0	2040
2019-01-16 19:10:31	0	2041
2019-01-16 19:10:31	0	2043
2019-01-16 19:10:31	0	2097
2019-01-16 19:10:31	0	2098
2019-01-16 19:10:31	1	2099
2019-01-16 19:10:31	1	2100
2019-01-16 19:10:31	1	2101
2019-01-16 19:10:31	1	2130
2019-01-16 19:10:31	0	2143
2019-01-16 19:10:31	1	2145
2019-01-16 19:10:31	1	2146
2019-01-16 19:10:31	1	2153
2019-01-16 19:10:31	1	2154
2019-01-16 19:10:31	0	2155
2019-01-16 19:10:31	1	2158
2019-01-16 19:10:31	1	2159
2019-01-16 19:10:31	1	2170
2019-01-16 19:10:31	0	2172
2019-01-16 19:10:31	0	2174
2019-01-16 19:10:31	1	2188
2019-01-16 19:10:31	0	2189
2019-01-16 19:10:31	1	2190
2019-01-16 19:10:31	1	2191
2019-01-16 19:10:31	0	2192
2019-01-16 19:10:31	0	2194
2019-01-16 19:10:31	0	2195
2019-01-16 19:10:31	0	2196
2019-01-16 19:10:31	0	2197
2019-01-16 19:10:31	1	2199
2019-01-16 19:10:31	0	2201
2019-01-16 19:10:31	0	2204
2019-01-16 19:10:31	1	2229
2019-01-16 19:10:31	1	2232
2019-01-16 19:10:31	0	2242
2019-01-16 19:10:31	1	2244
2019-01-16 19:10:31	1	2247
2019-01-16 19:10:31	0	2249
2019-01-16 19:10:31	0	2287
2019-01-16 19:10:31	0	2288
2019-01-16 19:10:31	1	2289
2019-01-16 19:10:31	1	2290
2019-01-16 19:10:31	1	2292
2019-01-16 19:10:31	1	2293
2019-01-16 19:10:31	1	2294
2019-01-16 19:10:31	1	2297
2019-01-16 19:10:31	1	2299
2019-01-16 19:10:31	1	2300
2019-01-16 19:10:31	0	2301
2019-01-16 19:10:31	1	2302
2019-01-16 19:10:31	0	2305
2019-01-16 19:10:31	0	2306
2019-01-16 19:10:31	1	2307
2019-01-16 19:10:31	1	2308
2019-01-16 19:10:31	0	2310
2019-01-16 19:10:31	1	2311
2019-01-16 19:10:31	0	2312
2019-01-16 19:10:31	0	2313
2019-01-16 19:10:31	1	2314
2019-01-16 19:10:31	1	2315
2019-01-16 19:10:31	0	2316
2019-01-16 19:10:31	0	2318
2019-01-16 19:10:31	0	2321
2019-01-16 19:10:31	0	2322
2019-01-16 19:10:31	0	2323
2019-01-16 19:10:31	1	2324
2019-01-16 19:10:31	0	2325
2019-01-16 19:10:31	0	2326
2019-01-16 19:10:31	0	2327
2019-01-16 19:10:31	0	2328
2019-01-16 19:10:31	1	2340
2019-01-16 19:10:31	0	2363
2019-01-16 19:10:31	0	2364
2019-01-16 19:10:31	0	2365
2019-01-16 19:10:31	0	2366
2019-01-16 19:10:31	0	2367
2019-01-16 19:10:31	0	2368
2019-01-16 19:10:31	0	2369
2019-01-16 19:10:31	1	2370
2019-01-16 19:10:31	0	2371
2019-01-16 19:10:31	0	2372
2019-01-16 19:10:31	0	2373
2019-01-16 19:10:31	1	2374
2019-01-16 19:10:31	0	2378
2019-01-16 19:10:31	1	2408
2019-01-16 19:10:31	1	2409
2019-01-16 19:10:31	1	2410
2019-01-16 19:10:31	0	2411
2019-01-16 19:10:31	1	2412
2019-01-16 19:10:31	1	2413
2019-01-16 19:10:31	1	2414
2019-01-16 19:10:31	1	2415
2019-01-16 19:10:31	1	2417
2019-01-16 19:10:31	1	2418
2019-01-16 19:10:31	1	2419
2019-01-16 19:10:31	1	2420
2019-01-16 19:10:31	0	2421
2019-01-16 19:10:31	0	2422
2019-01-16 19:10:31	1	2447
2019-01-16 19:10:31	1	2448
2019-01-16 19:10:31	1	2449
2019-01-16 19:10:31	1	2450
2019-01-16 19:10:31	1	2451
2019-01-16 19:10:31	1	2452
2019-01-16 19:10:31	0	2454
2019-01-16 19:10:31	1	2456
2019-01-16 19:10:31	1	2457
2019-01-16 19:10:31	1	2458
2019-01-16 19:10:31	0	2459
2019-01-16 19:10:31	1	2460
2019-01-16 19:10:31	1	2473
2019-01-16 19:10:31	1	2480
2019-01-16 19:10:31	1	2481
2019-01-16 19:10:31	1	2483
2019-01-16 19:10:31	0	2484
2019-01-16 19:10:31	1	2490
2019-01-16 19:10:31	1	2491
2019-01-16 19:10:31	0	2492
2019-01-16 19:10:31	0	2493
2019-01-16 19:10:31	1	2494
2019-01-16 19:10:31	1	2495
2019-01-16 19:10:31	1	2496
2019-01-16 19:10:31	0	2497
2019-01-16 19:10:31	0	2499
2019-01-16 19:10:31	1	2501
2019-01-16 19:10:31	1	2504
2019-01-16 19:10:31	1	2506
2019-01-16 19:10:31	0	2510
2019-01-16 19:10:31	1	2512
2019-01-16 19:10:31	1	2514
2019-01-16 19:10:31	1	2518
2019-01-16 19:10:31	1	2559
2019-01-16 19:10:31	1	2560
2019-01-16 19:10:31	0	2563
2019-01-16 19:10:31	0	2564
2019-01-16 19:10:31	1	2565
2019-01-16 19:10:31	0	2567
2019-01-16 19:10:31	0	2569
2019-01-16 19:10:31	0	2570
2019-01-16 19:10:31	1	2572
2019-01-16 19:10:31	0	2573
2019-01-16 19:10:31	0	2582
2019-01-16 19:10:31	0	2583
2019-01-16 19:10:31	0	2585
2019-01-16 19:10:31	0	2586
2019-01-16 19:10:31	1	2589
2019-01-16 19:10:31	1	2627
2019-01-16 19:10:31	0	2630
2019-01-16 19:10:31	1	2631
2019-01-16 19:10:31	0	2632
2019-01-16 19:10:31	0	2633
2019-01-16 19:10:31	0	2637
2019-01-16 19:10:31	0	2639
2019-01-16 19:10:31	0	2641
2019-01-16 19:10:31	1	2642
2019-01-16 19:10:31	0	2643
2019-01-16 19:10:31	0	2644
2019-01-16 19:10:31	0	2646
2019-01-16 19:10:31	0	2647
2019-01-16 19:10:31	0	2648
2019-01-16 19:10:31	0	2649
2019-01-16 19:10:31	1	2651
2019-01-16 19:10:31	1	2652
2019-01-16 19:10:31	1	2653
2019-01-16 19:10:31	1	2654
2019-01-16 19:10:31	0	2655
2019-01-16 19:10:31	1	2657
2019-01-16 19:10:31	1	2658
2019-01-16 19:10:31	1	2659
2019-01-16 19:10:31	1	2661
2019-01-16 19:10:31	0	2662
2019-01-16 19:10:31	1	2663
2019-01-16 19:10:31	1	2664
2019-01-16 19:10:31	1	2665
2019-01-16 19:10:31	1	2667
2019-01-16 19:10:31	1	2670
2019-01-16 19:10:31	1	2671
2019-01-16 19:10:31	0	2672
2019-01-16 19:10:31	1	2673
2019-01-16 19:10:31	1	2674
2019-01-16 19:10:31	1	2675
2019-01-16 19:10:31	1	2677
2019-01-16 19:10:31	1	2678
2019-01-16 19:10:31	1	2679
2019-01-16 19:10:31	1	2680
2019-01-16 19:10:31	1	2681
2019-01-16 19:10:31	1	2682
2019-01-16 19:10:31	0	2684
2019-01-16 19:10:31	1	2685
2019-01-16 19:10:31	1	2686
2019-01-16 19:10:31	1	2687
2019-01-16 19:10:31	1	2688
2019-01-16 19:10:31	1	2690
2019-01-16 19:10:31	0	2691
2019-01-16 19:10:31	0	2694
2019-01-16 19:10:31	0	2696
2019-01-16 19:10:31	0	2698
2019-01-16 19:10:31	0	2700
2019-01-16 19:10:31	0	2706
2019-01-16 19:10:31	1	2714
2019-01-16 19:10:31	0	2715
2019-01-16 19:10:31	1	2717
2019-01-16 19:10:31	1	2718
2019-01-16 19:10:31	1	2726
2019-01-16 19:10:31	1	2727
2019-01-16 19:10:31	1	2731
2019-01-16 19:10:31	0	2732
2019-01-16 19:10:31	1	2734
2019-01-16 19:10:31	1	2735
2019-01-16 19:10:31	1	2736
2019-01-16 19:10:31	1	2738
2019-01-16 19:10:31	1	2745
2019-01-16 19:10:31	1	2747
2019-01-16 19:10:31	0	2748
2019-01-16 19:10:31	0	2749
2019-01-16 19:10:31	0	2750
2019-01-16 19:10:31	0	2751
2019-01-16 19:10:31	1	2753
2019-01-16 19:10:31	1	2754
2019-01-16 19:10:31	1	2887
2019-01-16 19:10:31	1	2888
2019-01-16 19:10:31	1	2889
2019-01-16 19:10:31	1	2890
2019-01-16 19:10:31	1	2891
2019-01-16 19:10:31	1	2892
2019-01-16 19:10:31	0	2893
2019-01-16 19:10:31	0	2896
2019-01-16 19:10:31	0	2897
2019-01-16 19:10:31	0	2898
2019-01-16 19:10:31	0	2899
2019-01-16 19:10:31	1	2900
2019-01-16 19:10:31	1	2901
2019-01-16 19:10:31	1	2902
2019-01-16 19:10:31	1	2903
2019-01-16 19:10:31	0	2904
2019-01-16 19:10:31	1	2905
2019-01-16 19:10:31	1	2906
2019-01-16 19:10:31	1	2907
2019-01-16 19:10:31	1	2908
2019-01-16 19:10:31	1	2909
2019-01-16 19:10:31	1	2910
2019-01-16 19:10:31	1	2911
2019-01-16 19:10:31	1	2912
2019-01-16 19:10:31	1	2913
2019-01-16 19:10:31	1	2914
2019-01-16 19:10:31	1	2915
2019-01-16 19:10:31	1	2918
2019-01-16 19:10:31	1	2919
2019-01-16 19:10:31	1	2921
2019-01-16 19:10:31	1	2922
2019-01-16 19:10:31	1	2924
2019-01-16 19:10:31	1	2925
2019-01-16 19:10:31	0	2927
2019-01-16 19:10:31	1	2928
2019-01-16 19:10:31	1	2929
2019-01-16 19:10:31	1	2930
2019-01-16 19:10:31	0	2932
2019-01-16 19:10:31	0	2934
2019-01-16 19:10:31	1	2936
2019-01-16 19:10:31	1	3000
2019-01-16 19:10:31	1	3001
2019-01-16 19:10:31	1	3002
2019-01-16 19:10:31	1	3004
2019-01-16 19:10:31	1	3005
2019-01-16 19:10:31	1	3006
2019-01-16 19:10:31	1	3007
2019-01-16 19:10:31	1	3008
2019-01-16 19:10:31	1	3009
2019-01-16 19:10:31	1	3010
2019-01-16 19:10:31	1	3011
2019-01-16 19:10:31	1	3012
2019-01-16 19:10:31	1	3013
2019-01-16 19:10:31	1	3014
2019-01-16 19:10:31	1	3015
2019-01-16 19:10:31	1	3016
2019-01-16 19:10:31	1	3018
2019-01-16 19:10:31	1	3019
2019-01-16 19:10:31	1	3020
2019-01-16 19:10:31	1	3023
2019-01-16 19:10:31	1	3025
2019-01-16 19:10:31	1	3027
2019-01-16 19:10:31	1	3028
2019-01-16 19:10:31	1	3030
2019-01-16 19:10:31	1	3031
2019-01-16 19:10:31	0	3032
2019-01-16 19:10:31	1	3033
2019-01-16 19:10:31	1	3034
2019-01-16 19:10:31	1	3037
2019-01-16 19:10:31	0	3038
2019-01-16 19:10:31	1	3039
2019-01-16 19:10:31	1	3040
2019-01-16 19:10:31	1	3041
2019-01-16 19:10:31	0	3044
2019-01-16 19:10:31	1	3045
2019-01-16 19:10:31	1	3046
2019-01-16 19:10:31	1	3047
2019-01-16 19:10:31	1	3048
2019-01-16 19:10:31	1	3049
2019-01-16 19:10:31	1	3050
2019-01-16 19:10:31	1	3051
2019-01-16 19:10:31	0	3058
2019-01-16 19:10:31	0	3059
2019-01-16 19:10:31	1	3060
2019-01-16 19:10:31	1	3062
2019-01-16 19:10:31	1	3063
2019-01-16 19:10:31	0	3064
2019-01-16 19:10:31	1	3065
2019-01-16 19:10:31	1	3066
2019-01-16 19:10:31	1	3067
2019-01-16 19:10:31	1	3076
2019-01-16 19:10:31	1	3081
2019-01-16 19:10:31	1	3085
2019-01-16 19:10:31	1	3086
2019-01-16 19:10:31	1	3087
2019-01-16 19:10:31	1	3089
2019-01-16 19:10:31	1	3090
2019-01-16 19:10:31	1	3091
2019-01-16 19:10:31	1	3092
2019-01-16 19:10:31	1	3095
2019-01-16 19:10:31	1	3096
2019-01-16 19:10:31	1	3098
2019-01-16 19:10:31	1	3100
2019-01-16 19:10:31	1	3102
2019-01-16 19:10:31	0	3103
2019-01-16 19:10:31	1	3104
2019-01-16 19:10:31	1	3107
2019-01-16 19:10:31	0	3108
2019-01-16 19:10:31	1	3109
2019-01-16 19:10:31	1	3110
2019-01-16 19:10:31	1	3111
2019-01-16 19:10:31	1	3112
2019-01-16 19:10:31	1	3113
2019-01-16 19:10:31	1	3114
2019-01-16 19:10:31	1	3115
2019-01-16 19:10:31	1	3116
2019-01-16 19:10:31	1	3117
2019-01-16 19:10:31	1	3118
2019-01-16 19:10:31	1	3119
2019-01-16 19:10:31	1	3121
2019-01-16 19:10:31	1	3122
2019-01-16 19:10:31	1	3123
2019-01-16 19:10:31	1	3124
2019-01-16 19:10:31	1	3125
2019-01-16 19:10:31	0	3133
2019-01-16 19:10:31	0	3135
2019-01-16 19:10:31	1	3136
2019-01-16 19:10:31	1	3138
2019-01-16 19:10:31	1	3139
2019-01-16 19:10:31	1	3140
2019-01-16 19:10:31	1	3143
2019-01-16 19:10:31	0	3144
2019-01-16 19:10:31	0	3146
2019-01-16 19:10:31	0	3147
2019-01-16 19:10:31	0	3148
2019-01-16 19:10:31	0	3149
2019-01-16 19:10:31	0	3150
2019-01-16 19:10:31	1	3151
2019-01-16 19:10:31	1	3156
2019-01-16 19:10:31	1	3157
2019-01-16 19:10:31	1	3161
2019-01-16 19:10:31	1	3171
2019-01-16 19:10:31	0	3175
2019-01-16 19:10:31	1	3176
2019-01-16 19:10:31	1	3177
2019-01-16 19:10:31	0	3181
2019-01-16 19:10:31	0	3182
2019-01-16 19:10:31	1	3194
2019-01-16 19:10:31	1	3203
2019-01-16 19:10:31	1	3206
2019-01-16 19:10:31	1	3207
2019-01-16 19:10:31	1	3208
2019-01-16 19:10:31	1	3209
2019-01-16 19:10:31	1	3212
2019-01-16 19:10:31	1	3213
2019-01-16 19:10:31	0	3215
2019-01-16 19:10:31	1	3216
2019-01-16 19:10:31	1	3217
2019-01-16 19:10:31	1	3218
2019-01-16 19:10:31	1	3219
2019-01-16 19:10:31	1	3220
2019-01-16 19:10:31	1	3223
2019-01-16 19:10:31	1	3226
2019-01-16 19:10:31	1	3227
2019-01-16 19:10:31	1	3228
2019-01-16 19:10:31	1	3229
2019-01-16 19:10:31	1	3231
2019-01-16 19:10:31	0	3251
2019-01-16 19:10:31	0	3252
2019-01-16 19:10:31	0	3253
2019-01-16 19:10:31	0	3254
2019-01-16 19:10:31	0	3255
2019-01-16 19:10:31	0	3256
2019-01-16 19:10:31	0	3257
2019-01-16 19:10:31	0	3259
2019-01-16 19:10:31	0	3261
2019-01-16 19:10:31	0	3263
2019-01-16 19:10:31	0	3264
2019-01-16 19:10:31	1	3265
2019-01-16 19:10:31	1	3267
2019-01-16 19:10:31	0	3268
2019-01-16 19:10:31	0	3269
2019-01-16 19:10:31	0	3271
2019-01-16 19:10:31	0	3273
2019-01-16 19:10:31	0	3274
2019-01-16 19:10:31	0	3275
2019-01-16 19:10:31	0	3276
2019-01-16 19:10:31	0	3277
2019-01-16 19:10:31	0	3278
2019-01-16 19:10:31	0	3279
2019-01-16 19:10:31	0	3281
2019-01-16 19:10:31	1	3282
2019-01-16 19:10:31	0	3283
2019-01-16 19:10:31	0	3284
2019-01-16 19:10:31	0	3285
2019-01-16 19:10:31	1	3348
2019-01-16 19:10:31	0	3350
2019-01-16 19:10:31	1	3356
2019-01-16 19:10:31	1	3360
2019-01-16 19:10:31	0	3364
2019-01-16 19:10:31	0	3365
2019-01-16 19:10:31	0	3366
2019-01-16 19:10:31	0	3367
2019-01-16 19:10:31	0	3368
2019-01-16 19:10:31	0	3371
2019-01-16 19:10:31	0	3374
2019-01-16 19:10:31	1	3375
2019-01-16 19:10:31	0	3376
2019-01-16 19:10:31	0	3380
2019-01-16 19:10:31	0	3381
2019-01-16 19:10:31	0	3382
2019-01-16 19:10:31	0	3384
2019-01-16 19:10:31	0	3385
2019-01-16 19:10:31	1	3386
2019-01-16 19:10:31	0	3387
2019-01-16 19:10:31	1	3388
2019-01-16 19:10:31	1	3389
2019-01-16 19:10:31	1	3391
2019-01-16 19:10:31	1	3393
2019-01-16 19:10:31	0	3394
2019-01-16 19:10:31	1	3395
2019-01-16 19:10:31	1	3397
2019-01-16 19:10:31	0	3398
2019-01-16 19:10:31	1	3400
2019-01-16 19:10:31	0	3401
2019-01-16 19:10:31	0	3403
2019-01-16 19:10:31	1	3404
2019-01-16 19:10:31	1	3405
2019-01-16 19:10:31	0	3408
2019-01-16 19:10:31	1	3410
2019-01-16 19:10:31	1	3414
2019-01-16 19:10:31	1	3416
2019-01-16 19:10:31	1	3418
2019-01-16 19:10:31	0	3471
2019-01-16 19:10:31	0	3473
2019-01-16 19:10:31	1	3476
2019-01-16 19:10:31	0	3477
2019-01-16 19:10:31	1	3489
2019-01-16 19:10:31	0	3490
2019-01-16 19:10:31	0	3491
2019-01-16 19:10:31	1	3492
2019-01-16 19:10:31	1	3493
2019-01-16 19:10:31	1	3494
2019-01-16 19:10:31	1	3495
2019-01-16 19:10:31	1	3496
2019-01-16 19:10:31	1	3500
2019-01-16 19:10:31	1	3506
2019-01-16 19:10:31	1	3508
2019-01-16 19:10:31	1	3509
2019-01-16 19:10:31	1	3510
2019-01-16 19:10:31	1	3511
2019-01-16 19:10:31	1	3512
2019-01-16 19:10:31	1	3513
2019-01-16 19:10:31	0	3514
2019-01-16 19:10:31	1	3515
2019-01-16 19:10:31	1	3516
2019-01-16 19:10:31	0	3526
2019-01-16 19:10:31	0	3527
2019-01-16 19:10:31	0	3528
2019-01-16 19:10:31	0	3529
2019-01-16 19:10:31	0	3530
2019-01-16 19:10:31	0	3531
2019-01-16 19:10:31	0	3532
2019-01-16 19:10:31	0	3533
2019-01-16 19:10:31	0	3534
2019-01-16 19:10:31	1	3535
2019-01-16 19:10:31	1	3537
2019-01-16 19:10:31	1	3538
2019-01-16 19:10:31	0	3539
2019-01-16 19:10:31	0	3541
2019-01-16 19:10:31	1	3542
2019-01-16 19:10:31	1	3543
2019-01-16 19:10:31	1	3544
2019-01-16 19:10:31	1	3545
2019-01-16 19:10:31	1	3546
2019-01-16 19:10:31	1	3547
2019-01-16 19:10:31	1	3548
2019-01-16 19:10:31	0	3549
2019-01-16 19:10:31	1	3550
2019-01-16 19:10:31	1	3551
2019-01-16 19:10:31	1	3552
2019-01-16 19:10:31	1	3553
2019-01-16 19:10:31	1	3554
2019-01-16 19:10:31	1	3555
2019-01-16 19:10:31	1	3556
2019-01-16 19:10:31	1	3557
2019-01-16 19:10:31	1	3558
2019-01-16 19:10:31	1	3560
2019-01-16 19:10:31	1	3562
2019-01-16 19:10:31	1	3563
2019-01-16 19:10:31	1	3565
2019-01-16 19:10:31	1	3566
2019-01-16 19:10:31	0	3567
2019-01-16 19:10:31	1	3568
2019-01-16 19:10:31	1	3570
2019-01-16 19:10:31	0	3571
2019-01-16 19:10:31	1	3572
2019-01-16 19:10:31	1	3573
2019-01-16 19:10:31	0	3574
2019-01-16 19:10:31	1	3575
2019-01-16 19:10:31	1	3580
2019-01-16 19:10:31	1	3583
2019-01-16 19:10:31	0	3585
2019-01-16 19:10:31	0	3586
2019-01-16 19:10:31	0	3588
2019-01-16 19:10:31	0	3591
2019-01-16 19:10:31	1	3592
2019-01-16 19:10:31	1	3593
2019-01-16 19:10:31	1	3594
2019-01-16 19:10:31	1	3596
2019-01-16 19:10:31	1	3598
2019-01-16 19:10:31	1	3599
2019-01-16 19:10:31	0	3600
2019-01-16 19:10:31	1	3601
2019-01-16 19:10:31	1	3602
2019-01-16 19:10:31	1	3604
2019-01-16 19:10:31	1	3606
2019-01-16 19:10:31	1	3615
2019-01-16 19:10:31	1	3617
2019-01-16 19:10:31	1	3618
2019-01-16 19:10:31	1	3619
2019-01-16 19:10:31	0	3620
2019-01-16 19:10:31	0	3622
2019-01-16 19:10:31	1	3623
2019-01-16 19:10:31	1	3624
2019-01-16 19:10:31	0	3625
2019-01-16 19:10:31	1	3626
2019-01-16 19:10:31	1	3628
2019-01-16 19:10:31	1	3629
2019-01-16 19:10:31	1	3630
2019-01-16 19:10:31	1	3631
2019-01-16 19:10:31	1	3632
2019-01-16 19:10:31	1	3633
2019-01-16 19:10:31	1	3634
2019-01-16 19:10:31	1	3635
2019-01-16 19:10:31	1	3636
2019-01-16 19:10:31	1	3637
2019-01-16 19:10:31	1	3638
2019-01-16 19:10:31	1	3640
2019-01-16 19:10:31	1	3642
2019-01-16 19:10:31	1	3661
2019-01-16 19:10:31	1	3665
2019-01-16 19:10:31	1	3669
2019-01-16 19:10:31	1	3671
2019-01-16 19:10:31	1	3673
2019-01-16 19:10:31	0	3676
2019-01-16 19:10:31	0	3678
2019-01-16 19:10:31	0	3682
2019-01-16 19:10:31	0	3684
2019-01-16 19:10:31	0	3688
2019-01-16 19:10:31	1	3690
2019-01-16 19:10:31	0	3694
2019-01-16 19:10:31	1	3696
2019-01-16 19:10:31	1	3699
2019-01-16 19:10:31	1	3700
2019-01-16 19:10:31	1	3701
2019-01-16 19:10:31	1	3702
2019-01-16 19:10:31	1	3703
2019-01-16 19:10:31	1	3704
2019-01-16 19:10:31	1	3705
2019-01-16 19:10:31	1	3706
2019-01-16 19:10:31	0	3707
2019-01-16 19:10:31	1	3708
2019-01-16 19:10:31	1	3709
2019-01-16 19:10:31	1	3710
2019-01-16 19:10:31	1	3711
2019-01-16 19:10:31	0	3713
2019-01-16 19:10:31	0	3717
2019-01-16 19:10:31	0	3719
2019-01-16 19:10:31	0	3720
2019-01-16 19:10:31	0	3721
2019-01-16 19:10:31	0	3722
2019-01-16 19:10:31	0	3723
2019-01-16 19:10:31	0	3724
2019-01-16 19:10:31	1	3725
2019-01-16 19:10:31	0	3727
2019-01-16 19:10:31	0	3730
2019-01-16 19:10:31	1	3758
2019-01-16 19:10:31	1	3759
2019-01-16 19:10:31	0	3760
2019-01-16 19:10:31	1	3765
2019-01-16 19:10:31	1	3766
2019-01-16 19:10:31	1	3768
2019-01-16 19:10:31	1	3769
2019-01-16 19:10:31	1	3770
2019-01-16 19:10:31	0	3771
2019-01-16 19:10:31	1	3772
2019-01-16 19:10:31	1	3857
2019-01-16 19:10:31	1	3858
2019-01-16 19:10:31	1	3859
2019-01-16 19:10:31	0	3860
2019-01-16 19:10:31	1	3861
2019-01-16 19:10:31	1	3862
2019-01-16 19:10:31	1	3864
2019-01-16 19:10:31	1	3866
2019-01-16 19:10:31	1	3867
2019-01-16 19:10:31	0	3868
2019-01-16 19:10:31	1	3869
2019-01-16 19:10:31	1	3870
2019-01-16 19:10:31	1	3871
2019-01-16 19:10:31	1	3872
2019-01-16 19:10:31	1	3873
2019-01-16 19:10:31	1	3874
2019-01-16 19:10:31	1	3875
2019-01-16 19:10:31	1	3876
2019-01-16 19:10:31	1	3877
2019-01-16 19:10:31	1	3878
2019-01-16 19:10:31	1	3879
2019-01-16 19:10:31	1	3880
2019-01-16 19:10:31	1	3882
2019-01-16 19:10:31	1	3883
2019-01-16 19:10:31	1	3884
2019-01-16 19:10:31	1	3885
2019-01-16 19:10:31	1	3886
2019-01-16 19:10:31	1	3887
2019-01-16 19:10:31	1	3888
2019-01-16 19:10:31	1	3889
2019-01-16 19:10:31	1	3890
2019-01-16 19:10:31	1	3891
2019-01-16 19:10:31	1	3892
2019-01-16 19:10:31	1	3893
2019-01-16 19:10:31	1	3894
2019-01-16 19:10:31	1	3895
2019-01-16 19:10:31	1	3896
2019-01-16 19:10:31	1	3897
2019-01-16 19:10:31	1	3898
2019-01-16 19:10:31	1	3899
2019-01-16 19:10:31	0	3900
2019-01-16 19:10:31	1	3906
2019-01-16 19:10:31	1	3907
2019-01-16 19:10:31	1	3908
2019-01-16 19:10:31	1	3909
2019-01-16 19:10:31	1	3910
2019-01-16 19:10:31	1	3911
2019-01-16 19:10:31	1	3912
2019-01-16 19:10:31	1	3914
2019-01-16 19:10:31	0	3915
2019-01-16 19:10:31	1	3917
2019-01-16 19:10:31	1	3919
2019-01-16 19:10:31	1	3921
2019-01-16 19:10:31	1	3922
2019-01-16 19:10:31	1	3923
2019-01-16 19:10:31	1	3924
2019-01-16 19:10:31	0	3925
2019-01-16 19:10:31	1	3926
2019-01-16 19:10:31	1	3928
2019-01-16 19:10:31	1	3929
2019-01-16 19:10:31	1	3930
2019-01-16 19:10:31	1	3931
2019-01-16 19:10:31	1	3932
2019-01-16 19:10:31	0	3933
2019-01-16 19:10:31	0	3934
2019-01-16 19:10:31	1	3935
2019-01-16 19:10:31	1	3936
2019-01-16 19:10:31	1	3937
2019-01-16 19:10:31	1	3938
2019-01-16 19:10:31	1	3939
2019-01-16 19:10:31	1	3940
2019-01-16 19:10:31	1	3941
2019-01-16 19:10:31	1	3942
2019-01-16 19:10:31	1	3943
2019-01-16 19:10:31	1	3944
2019-01-16 19:10:31	1	3945
2019-01-16 19:10:31	1	3947
2019-01-16 19:10:31	1	3950
2019-01-16 19:10:31	1	3951
2019-01-16 19:10:31	1	3952
2019-01-16 19:10:31	1	3954
2019-01-16 19:10:31	1	3956
2019-01-16 19:10:31	1	3959
2019-01-16 19:10:31	1	3960
2019-01-16 19:10:31	1	3961
2019-01-16 19:10:31	1	3966
2019-01-16 19:10:31	1	3968
2019-01-16 19:10:31	1	3969
2019-01-16 19:10:31	1	3970
2019-01-16 19:10:31	0	3974
2019-01-16 19:10:31	1	3975
2019-01-16 19:10:31	1	3976
2019-01-16 19:10:31	0	3977
2019-01-16 19:10:31	1	3978
2019-01-16 19:10:31	0	3979
2019-01-16 19:10:31	0	3981
2019-01-16 19:10:31	0	3982
2019-01-16 19:10:31	0	3983
2019-01-16 19:10:31	1	3984
2019-01-16 19:10:31	0	3986
2019-01-16 19:10:31	0	3987
2019-01-16 19:10:31	0	3988
2019-01-16 19:10:31	0	3989
2019-01-16 19:10:31	0	3992
2019-01-16 19:10:31	1	3993
2019-01-16 19:10:31	1	3994
2019-01-16 19:10:31	0	3995
2019-01-16 19:10:31	1	3996
2019-01-16 19:10:31	1	3997
2019-01-16 19:10:31	1	3998
2019-01-16 19:10:31	1	3999
2019-01-16 19:10:31	0	4000
2019-01-16 19:10:31	1	4001
2019-01-16 19:10:31	1	4002
2019-01-16 19:10:31	0	4003
2019-01-16 19:10:31	1	4005
2019-01-16 19:10:31	0	4006
2019-01-16 19:10:31	0	4007
2019-01-16 19:10:31	0	4008
2019-01-16 19:10:31	0	4009
2019-01-16 19:10:31	1	4010
2019-01-16 19:10:31	0	4011
2019-01-16 19:10:31	1	4012
2019-01-16 19:10:31	1	4013
2019-01-16 19:10:31	1	4014
2019-01-16 19:10:31	0	4015
2019-01-16 19:10:31	1	4017
2019-01-16 19:10:31	1	4018
2019-01-16 19:10:31	1	4019
2019-01-16 19:10:31	1	4020
2019-01-16 19:10:31	0	4021
2019-01-16 19:10:31	1	4023
2019-01-16 19:10:31	1	4025
2019-01-16 19:10:31	1	4027
2019-01-16 19:10:31	1	4029
2019-01-16 19:10:31	0	4030
2019-01-16 19:10:31	0	4031
2019-01-16 19:10:31	1	4032
2019-01-16 19:10:31	0	4033
2019-01-16 19:10:31	0	4035
2019-01-16 19:10:31	0	4036
2019-01-16 19:10:31	0	4037
2019-01-16 19:10:31	0	4038
2019-01-16 19:10:31	0	4039
2019-01-16 19:10:31	0	4040
2019-01-16 19:10:31	0	4041
2019-01-16 19:10:31	0	4042
2019-01-16 19:10:31	0	4043
2019-01-16 19:10:31	0	4046
2019-01-16 19:10:31	0	4047
2019-01-16 19:10:31	0	4048
2019-01-16 19:10:31	0	4049
2019-01-16 19:10:31	0	4050
2019-01-16 19:10:31	0	4051
2019-01-16 19:10:31	0	4052
2019-01-16 19:10:31	0	4053
2019-01-16 19:10:31	0	4054
2019-01-16 19:10:31	0	4055
2019-01-16 19:10:31	0	4057
2019-01-16 19:10:31	1	4058
2019-01-16 19:10:31	0	4059
2019-01-16 19:10:31	0	4060
2019-01-16 19:10:31	0	4061
2019-01-16 19:10:31	0	4062
2019-01-16 19:10:31	0	4063
2019-01-16 19:10:31	0	4064
2019-01-16 19:10:31	0	4066
2019-01-16 19:10:31	0	4067
2019-01-16 19:10:31	0	4068
2019-01-16 19:10:31	0	4069
2019-01-16 19:10:31	0	4070
2019-01-16 19:10:31	0	4071
2019-01-16 19:10:31	1	4083
2019-01-16 19:10:31	1	4084
2019-01-16 19:10:31	1	4085
2019-01-16 19:10:31	1	4086
2019-01-16 19:10:31	1	4087
2019-01-16 19:10:31	1	4088
2019-01-16 19:10:31	1	4090
2019-01-16 19:10:31	1	4091
2019-01-16 19:10:31	1	4101
2019-01-16 19:10:31	1	4104
2019-01-16 19:10:31	1	4105
2019-01-16 19:10:31	0	4106
2019-01-16 19:10:31	1	4109
2019-01-16 19:10:31	0	4110
2019-01-16 19:10:31	1	4111
2019-01-16 19:10:31	0	4112
2019-01-16 19:10:31	1	4116
2019-01-16 19:10:31	1	4117
2019-01-16 19:10:31	1	4118
2019-01-16 19:10:31	1	4119
2019-01-16 19:10:31	0	4120
2019-01-16 19:10:31	1	4121
2019-01-16 19:10:31	0	4122
2019-01-16 19:10:31	1	4123
2019-01-16 19:10:31	1	4125
2019-01-16 19:10:31	1	4126
2019-01-16 19:10:31	0	4128
2019-01-16 19:10:31	0	4129
2019-01-16 19:10:31	1	4130
2019-01-16 19:10:31	0	4131
2019-01-16 19:10:31	0	4171
2019-01-16 19:10:31	1	4172
2019-01-16 19:10:31	0	4173
2019-01-16 19:10:31	1	4174
2019-01-16 19:10:31	1	4176
2019-01-16 19:10:31	1	4177
2019-01-16 19:10:31	1	4178
2019-01-16 19:10:31	1	4179
2019-01-16 19:10:31	0	4180
2019-01-16 19:10:31	1	4181
2019-01-16 19:10:31	1	4182
2019-01-16 19:10:31	1	4183
2019-01-16 19:10:31	1	4184
2019-01-16 19:10:31	1	4185
2019-01-16 19:10:31	1	4188
2019-01-16 19:10:31	1	4189
2019-01-16 19:10:31	1	4190
2019-01-16 19:10:31	1	4192
2019-01-16 19:10:31	1	4193
2019-01-16 19:10:31	1	4195
2019-01-16 19:10:31	1	4197
2019-01-16 19:10:31	1	4198
2019-01-16 19:10:31	1	4200
2019-01-16 19:10:31	1	4201
2019-01-16 19:10:31	1	4202
2019-01-16 19:10:31	1	4204
2019-01-16 19:10:31	1	4205
2019-01-16 19:10:31	1	4206
2019-01-16 19:10:31	1	4207
2019-01-16 19:10:31	0	4208
2019-01-16 19:10:31	1	4209
2019-01-16 19:10:31	1	4212
2019-01-16 19:10:31	1	4214
2019-01-16 19:10:31	1	4216
2019-01-16 19:10:31	0	4220
2019-01-16 19:10:31	1	4222
2019-01-16 19:10:31	1	4224
2019-01-16 19:10:31	1	4228
2019-01-16 19:10:31	1	4233
2019-01-16 19:10:31	1	4234
2019-01-16 19:10:31	0	4235
2019-01-16 19:10:31	0	4236
2019-01-16 19:10:31	1	4237
2019-01-16 19:10:31	1	4238
2019-01-16 19:10:31	1	4239
2019-01-16 19:10:31	1	4240
2019-01-16 19:10:31	1	4241
2019-01-16 19:10:31	1	4242
2019-01-16 19:10:31	1	4244
2019-01-16 19:10:31	1	4245
2019-01-16 19:10:31	1	4246
2019-01-16 19:10:31	1	4247
2019-01-16 19:10:31	1	4248
2019-01-16 19:10:31	1	4249
2019-01-16 19:10:31	1	4251
2019-01-16 19:10:31	1	4252
2019-01-16 19:10:31	1	4253
2019-01-16 19:10:31	1	4254
2019-01-16 19:10:31	1	4256
2019-01-16 19:10:31	1	4257
2019-01-16 19:10:31	1	4258
2019-01-16 19:10:31	1	4259
2019-01-16 19:10:31	1	4260
2019-01-16 19:10:31	1	4261
2019-01-16 19:10:31	1	4262
2019-01-16 19:10:31	1	4263
2019-01-16 19:10:31	1	4265
2019-01-16 19:10:31	1	4266
2019-01-16 19:10:31	1	4267
2019-01-16 19:10:31	0	4268
2019-01-16 19:10:31	1	4269
2019-01-16 19:10:31	1	4270
2019-01-16 19:10:31	1	4271
2019-01-16 19:10:31	1	4272
2019-01-16 19:10:31	1	4273
2019-01-16 19:10:31	1	4274
2019-01-16 19:10:31	1	4275
2019-01-16 19:10:31	1	4276
2019-01-16 19:10:31	0	4277
2019-01-16 19:10:31	1	4278
2019-01-16 19:10:31	1	4279
2019-01-16 19:10:31	1	4281
2019-01-16 19:10:31	0	4282
2019-01-16 19:10:31	1	4283
2019-01-16 19:10:31	1	4284
2019-01-16 19:10:31	1	4285
2019-01-16 19:10:31	0	4286
2019-01-16 19:10:31	1	4287
2019-01-16 19:10:31	1	4288
2019-01-16 19:10:31	1	4289
2019-01-16 19:10:31	1	4290
2019-01-16 19:10:31	1	4291
2019-01-16 19:10:31	1	4292
2019-01-16 19:10:31	0	4293
2019-01-16 19:10:31	1	4294
2019-01-16 19:10:31	1	4295
2019-01-16 19:10:31	1	4296
2019-01-16 19:10:31	1	4297
2019-01-16 19:10:31	1	4298
2019-01-16 19:10:31	1	4299
2019-01-16 19:10:31	1	4300
2019-01-16 19:10:31	1	4301
2019-01-16 19:10:31	1	4302
2019-01-16 19:10:31	1	4303
2019-01-16 19:10:31	0	4304
2019-01-16 19:10:31	1	4307
2019-01-16 19:10:31	0	4308
2019-01-16 19:10:31	1	4309
2019-01-16 19:10:31	1	4310
2019-01-16 19:10:31	1	4311
2019-01-16 19:10:31	1	4312
2019-01-16 19:10:31	1	4313
2019-01-16 19:10:31	0	4314
2019-01-16 19:10:31	0	4315
2019-01-16 19:10:31	0	4317
2019-01-16 19:10:31	1	4318
2019-01-16 19:10:31	0	4319
2019-01-16 19:10:31	1	4320
2019-01-16 19:10:31	1	4323
2019-01-16 19:10:31	0	4324
2019-01-16 19:10:31	1	4325
2019-01-16 19:10:31	1	4326
2019-01-16 19:10:31	1	4327
2019-01-16 19:10:31	1	4328
2019-01-16 19:10:31	1	4329
2019-01-16 19:10:31	1	4330
2019-01-16 19:10:31	0	4334
2019-01-16 19:10:31	1	4335
2019-01-16 19:10:31	1	4336
2019-01-16 19:10:31	1	4337
2019-01-16 19:10:31	1	4338
2019-01-16 19:10:31	1	4339
2019-01-16 19:10:31	1	4340
2019-01-16 19:10:31	1	4341
2019-01-16 19:10:31	1	4342
2019-01-16 19:10:31	0	4343
2019-01-16 19:10:31	1	4344
2019-01-16 19:10:31	0	4345
2019-01-16 19:10:31	1	4346
2019-01-16 19:10:31	1	4347
2019-01-16 19:10:31	1	4349
2019-01-16 19:10:31	1	4350
2019-01-16 19:10:31	1	4354
2019-01-16 19:10:31	1	4355
2019-01-16 19:10:31	1	4356
2019-01-16 19:10:31	1	4357
2019-01-16 19:10:31	1	4359
2019-01-16 19:10:31	1	4360
2019-01-16 19:10:31	1	4361
2019-01-16 19:10:31	1	4362
2019-01-16 19:10:31	1	4363
2019-01-16 19:10:31	1	4364
2019-01-16 19:10:31	1	4365
2019-01-16 19:10:31	1	4366
2019-01-16 19:10:31	1	4367
2019-01-16 19:10:31	1	4368
2019-01-16 19:10:31	1	4370
2019-01-16 19:10:31	1	4372
2019-01-16 19:10:31	1	4373
2019-01-16 19:10:31	1	4374
2019-01-16 19:10:31	1	4376
2019-01-16 19:10:31	1	4377
2019-01-16 19:10:31	1	4378
2019-01-16 19:10:31	1	4379
2019-01-16 19:10:31	1	4380
2019-01-16 19:10:31	0	4382
2019-01-16 19:10:31	0	4383
2019-01-16 19:10:31	0	4384
2019-01-16 19:10:31	0	4385
2019-01-16 19:10:31	0	4386
2019-01-16 19:10:31	0	4387
2019-01-16 19:10:31	1	4388
2019-01-16 19:10:31	0	4390
2019-01-16 19:10:31	0	4394
2019-01-16 19:10:31	0	4395
2019-01-16 19:10:31	0	4396
2019-01-16 19:10:31	0	4397
2019-01-16 19:10:31	1	4398
2019-01-16 19:10:31	1	4399
2019-01-16 19:10:31	0	4400
2019-01-16 19:10:31	0	4401
2019-01-16 19:10:31	0	4402
2019-01-16 19:10:31	0	4403
2019-01-16 19:10:31	0	4404
2019-01-16 19:10:31	0	4405
2019-01-16 19:10:31	1	4406
2019-01-16 19:10:31	1	4421
2019-01-16 19:10:31	1	4423
2019-01-16 19:10:31	1	4424
2019-01-16 19:10:31	1	4426
2019-01-16 19:10:31	1	4427
2019-01-16 19:10:31	1	4428
2019-01-16 19:10:31	1	4429
2019-01-16 19:10:31	1	4431
2019-01-16 19:10:31	1	4432
2019-01-16 19:10:31	1	4433
2019-01-16 19:10:31	1	4434
2019-01-16 19:10:31	1	4435
2019-01-16 19:10:31	1	4436
2019-01-16 19:10:31	1	4437
2019-01-16 19:10:31	1	4438
2019-01-16 19:10:31	1	4439
2019-01-16 19:10:31	0	4440
2019-01-16 19:10:31	1	4441
2019-01-16 19:10:31	1	4442
2019-01-16 19:10:31	0	4443
2019-01-16 19:10:31	0	4444
2019-01-16 19:10:31	1	4446
2019-01-16 19:10:31	1	4449
2019-01-16 19:10:31	1	4453
2019-01-16 19:10:31	0	4454
2019-01-16 19:10:31	0	4520
2019-01-16 19:10:31	1	4532
2019-01-16 19:10:31	0	4549
2019-01-16 19:10:31	1	4553
2019-01-16 19:10:31	0	4559
2019-01-16 19:10:31	0	4560
2019-01-16 19:10:31	1	4561
2019-01-16 19:10:31	0	4562
2019-01-16 19:10:31	1	4563
2019-01-16 19:10:31	0	4564
2019-01-16 19:10:31	0	4565
2019-01-16 19:10:31	0	4566
2019-01-16 19:10:31	1	4567
2019-01-16 19:10:31	1	4568
2019-01-16 19:10:31	0	4569
2019-01-16 19:10:31	0	4570
2019-01-16 19:10:31	0	4572
2019-01-16 19:10:31	1	4573
2019-01-16 19:10:31	0	4574
2019-01-16 19:10:31	1	4575
2019-01-16 19:10:31	0	4576
2019-01-16 19:10:31	0	4577
2019-01-16 19:10:31	1	4578
2019-01-16 19:10:31	1	4579
2019-01-16 19:10:31	1	4649
2019-01-16 19:10:31	1	4650
2019-01-16 19:10:31	1	4651
2019-01-16 19:10:31	0	4652
2019-01-16 19:10:31	1	4653
2019-01-16 19:10:31	1	4654
2019-01-16 19:10:31	1	4655
2019-01-16 19:10:31	1	4656
2019-01-16 19:10:31	1	4657
2019-01-16 19:10:31	0	4659
2019-01-16 19:10:31	1	4690
2019-01-16 19:10:31	1	4692
2019-01-16 19:10:31	0	4694
2019-01-16 19:10:31	1	4696
2019-01-16 19:10:31	0	4697
2019-01-16 19:10:31	1	4698
2019-01-16 19:10:31	1	4699
2019-01-16 19:10:31	1	4701
2019-01-16 19:10:31	1	4703
2019-01-16 19:10:31	1	4705
2019-01-16 19:10:31	1	4710
2019-01-16 19:10:31	0	4712
2019-01-16 19:10:31	1	4714
2019-01-16 19:10:31	0	4715
2019-01-16 19:10:31	1	4716
2019-01-16 19:10:31	1	4717
2019-01-16 19:10:31	1	4719
2019-01-16 19:10:31	1	4721
2019-01-16 19:10:31	1	4723
2019-01-16 19:10:31	1	4725
2019-01-16 19:10:31	1	4727
2019-01-16 19:10:31	1	4729
2019-01-16 19:10:31	1	4731
2019-01-16 19:10:31	1	4735
2019-01-16 19:10:31	1	4739
2019-01-16 19:10:31	0	4745
2019-01-16 19:10:31	0	4746
2019-01-16 19:10:31	0	4748
2019-01-16 19:10:31	0	4749
2019-01-16 19:10:31	1	4750
2019-01-16 19:10:31	0	4751
2019-01-16 19:10:31	1	4752
2019-01-16 19:10:31	0	4753
2019-01-16 19:10:31	0	4757
2019-01-16 19:10:31	1	4758
2019-01-16 19:10:31	1	4759
2019-01-16 19:10:31	0	4794
2019-01-16 19:10:31	1	4795
2019-01-16 19:10:31	0	4797
2019-01-16 19:10:31	1	4798
2019-01-16 19:10:31	1	4799
2019-01-16 19:10:31	0	4800
2019-01-16 19:10:31	1	4801
2019-01-16 19:10:31	1	4802
2019-01-16 19:10:31	1	4803
2019-01-16 19:10:31	0	4804
2019-01-16 19:10:31	1	4805
2019-01-16 19:10:31	1	4806
2019-01-16 19:10:31	1	4807
2019-01-16 19:10:31	1	4808
2019-01-16 19:10:31	1	4809
2019-01-16 19:10:31	0	4811
2019-01-16 19:10:31	0	4813
2019-01-16 19:10:31	0	4814
2019-01-16 19:10:31	1	4817
2019-01-16 19:10:31	1	4818
2019-01-16 19:10:31	1	4819
2019-01-16 19:10:31	0	4820
2019-01-16 19:10:31	1	4821
2019-01-16 19:10:31	0	4822
2019-01-16 19:10:31	0	4823
2019-01-16 19:10:31	0	4824
2019-01-16 19:10:31	0	4825
2019-01-16 19:10:31	0	4826
2019-01-16 19:10:31	0	4827
2019-01-16 19:10:31	0	4828
2019-01-16 19:10:31	1	4829
2019-01-16 19:10:31	0	4830
2019-01-16 19:10:31	0	4831
2019-01-16 19:10:31	1	4832
2019-01-16 19:10:31	0	4833
2019-01-16 19:10:31	0	4834
2019-01-16 19:10:31	0	4837
2019-01-16 19:10:31	1	4838
2019-01-16 19:10:31	0	4839
2019-01-16 19:10:31	1	4840
2019-01-16 19:10:31	0	4841
2019-01-16 19:10:31	0	4842
2019-01-16 19:10:31	0	4843
2019-01-16 19:10:31	1	4844
2019-01-16 19:10:31	0	4845
2019-01-16 19:10:31	1	4846
2019-01-16 19:10:31	0	4847
2019-01-16 19:10:31	1	4848
2019-01-16 19:10:31	0	4849
2019-01-16 19:10:31	0	4850
2019-01-16 19:10:31	0	4851
2019-01-16 19:10:31	0	4852
2019-01-16 19:10:31	0	4853
2019-01-16 19:10:31	0	4855
2019-01-16 19:10:31	1	4857
2019-01-16 19:10:31	0	4861
2019-01-16 19:10:31	0	4863
2019-01-16 19:10:31	0	4865
2019-01-16 19:10:31	1	4866
2019-01-16 19:10:31	0	4867
2019-01-16 19:10:31	0	4868
2019-01-16 19:10:31	0	4869
2019-01-16 19:10:31	0	4876
2019-01-16 19:10:31	1	4877
2019-01-16 19:10:31	1	4878
2019-01-16 19:10:31	1	4879
2019-01-16 19:10:31	1	4881
2019-01-16 19:10:31	1	4883
2019-01-16 19:10:31	1	4885
2019-01-16 19:10:31	1	4887
2019-01-16 19:10:31	0	4889
2019-01-16 19:10:31	0	4893
2019-01-16 19:10:31	0	4895
2019-01-16 19:10:31	0	4897
2019-01-16 19:10:31	0	4899
2019-01-16 19:10:31	0	4901
2019-01-16 19:10:31	0	4903
2019-01-16 19:10:31	0	4905
2019-01-16 19:10:31	0	4907
2019-01-16 19:10:31	0	4909
2019-01-16 19:10:31	0	4911
2019-01-16 19:10:31	1	4913
2019-01-16 19:10:31	1	4915
2019-01-16 19:10:31	1	4917
2019-01-16 19:10:31	0	4919
2019-01-16 19:10:31	1	4921
2019-01-16 19:10:31	0	4927
2019-01-16 19:10:31	0	4929
2019-01-16 19:10:31	1	4933
2019-01-16 19:10:31	1	4937
2019-01-16 19:10:31	1	4939
2019-01-16 19:10:31	1	4944
2019-01-16 19:10:31	0	4946
2019-01-16 19:10:31	1	4948
2019-01-16 19:10:31	1	4956
2019-01-16 19:10:31	1	4958
2019-01-16 19:10:31	0	4960
2019-01-16 19:10:31	0	4962
2019-01-16 19:10:31	0	4964
2019-01-16 19:10:31	0	4966
2019-01-16 19:10:31	1	4968
2019-01-16 19:10:31	0	4970
2019-01-16 19:10:31	0	4972
2019-01-16 19:10:31	0	4974
2019-01-16 19:10:31	0	4976
2019-01-16 19:10:31	0	4978
2019-01-16 19:10:31	0	4981
2019-01-16 19:10:31	0	4982
2019-01-16 19:10:31	0	4983
2019-01-16 19:10:31	0	4985
2019-01-16 19:10:31	0	4987
2019-01-16 19:10:31	0	4989
2019-01-16 19:10:31	0	4991
2019-01-16 19:10:31	0	4993
2019-01-16 19:10:31	0	4995
2019-01-16 19:10:31	0	4997
2019-01-16 19:10:31	0	4999
2019-01-16 19:10:31	1	5001
2019-01-16 19:10:31	0	5003
2019-01-16 19:10:31	0	5005
2019-01-16 19:10:31	0	5007
2019-01-16 19:10:31	0	5009
2019-01-16 19:10:31	0	5011
2019-01-16 19:10:31	0	5013
2019-01-16 19:10:31	0	5015
2019-01-16 19:10:31	0	5017
2019-01-16 19:10:31	0	5019
2019-01-16 19:10:31	1	5021
2019-01-16 19:10:31	0	5022
2019-01-16 19:10:31	1	5023
2019-01-16 19:10:31	1	5026
2019-01-16 19:10:31	1	5028
2019-01-16 19:10:31	1	5029
2019-01-16 19:10:31	0	5031
2019-01-16 19:10:31	1	5033
2019-01-16 19:10:31	1	5036
2019-01-16 19:10:31	1	5037
2019-01-16 19:10:31	0	5038
2019-01-16 19:10:31	1	5039
2019-01-16 19:10:31	0	5040
2019-01-16 19:10:31	1	5041
2019-01-16 19:10:31	1	5042
2019-01-16 19:10:31	1	5043
2019-01-16 19:10:31	0	5046
2019-01-16 19:10:31	1	5047
2019-01-16 19:10:31	1	5048
2019-01-16 19:10:31	1	5049
2019-01-16 19:10:31	1	5050
2019-01-16 19:10:31	1	5051
2019-01-16 19:10:31	1	5052
2019-01-16 19:10:31	1	5053
2019-01-16 19:10:31	1	5054
2019-01-16 19:10:31	1	5055
2019-01-16 19:10:31	1	5056
2019-01-16 19:10:31	1	5057
2019-01-16 19:10:31	1	5058
2019-01-16 19:10:31	1	5059
2019-01-16 19:10:31	1	5060
2019-01-16 19:10:31	1	5061
2019-01-16 19:10:31	1	5062
2019-01-16 19:10:31	1	5063
2019-01-16 19:10:31	0	5064
2019-01-16 19:10:31	1	5065
2019-01-16 19:10:31	1	5066
2019-01-16 19:10:31	1	5067
2019-01-16 19:10:31	1	5068
2019-01-16 19:10:31	1	5069
2019-01-16 19:10:31	1	5070
2019-01-16 19:10:31	1	5071
2019-01-16 19:10:31	1	5072
2019-01-16 19:10:31	1	5073
2019-01-16 19:10:31	1	5074
2019-01-16 19:10:31	1	5075
2019-01-16 19:10:31	1	5076
2019-01-16 19:10:31	1	5077
2019-01-16 19:10:31	1	5078
2019-01-16 19:10:31	1	5079
2019-01-16 19:10:31	1	5080
2019-01-16 19:10:31	1	5081
2019-01-16 19:10:31	1	5082
2019-01-16 19:10:31	1	5083
2019-01-16 19:10:31	1	5084
2019-01-16 19:10:31	0	5085
2019-01-16 19:10:31	1	5086
2019-01-16 19:10:31	0	5087
2019-01-16 19:10:31	1	5088
2019-01-16 19:10:31	1	5089
2019-01-16 19:10:31	1	5090
2019-01-16 19:10:31	1	5091
2019-01-16 19:10:31	1	5092
2019-01-16 19:10:31	1	5093
2019-01-16 19:10:31	0	5094
2019-01-16 19:10:31	1	5095
2019-01-16 19:10:31	1	5096
2019-01-16 19:10:31	1	5097
2019-01-16 19:10:31	1	5098
2019-01-16 19:10:31	0	5099
2019-01-16 19:10:31	1	5100
2019-01-16 19:10:31	1	5101
2019-01-16 19:10:31	1	5102
2019-01-16 19:10:31	1	5103
2019-01-16 19:10:31	1	5104
2019-01-16 19:10:31	0	5105
2019-01-16 19:10:31	1	5106
2019-01-16 19:10:31	1	5107
2019-01-16 19:10:31	0	5108
2019-01-16 19:10:31	1	5109
2019-01-16 19:10:31	1	5110
2019-01-16 19:10:31	1	5111
2019-01-16 19:10:31	1	5112
2019-01-16 19:10:31	1	5113
2019-01-16 19:10:31	1	5114
2019-01-16 19:10:31	1	5115
2019-01-16 19:10:31	0	5116
2019-01-16 19:10:31	1	5117
2019-01-16 19:10:31	1	5118
2019-01-16 19:10:31	0	5119
2019-01-16 19:10:31	0	5120
2019-01-16 19:10:31	1	5121
2019-01-16 19:10:31	1	5122
2019-01-16 19:10:31	0	5123
2019-01-16 19:10:31	0	5125
2019-01-16 19:10:31	0	5126
2019-01-16 19:10:31	0	5127
2019-01-16 19:10:31	0	5128
2019-01-16 19:10:31	0	5129
2019-01-16 19:10:31	1	5130
2019-01-16 19:10:31	0	5131
2019-01-16 19:10:31	0	5132
2019-01-16 19:10:31	0	5133
2019-01-16 19:10:31	0	5134
2019-01-16 19:10:31	0	5135
2019-01-16 19:10:31	0	5136
2019-01-16 19:10:31	0	5137
2019-01-16 19:10:31	0	5138
2019-01-16 19:10:31	1	5139
2019-01-16 19:10:31	0	5140
2019-01-16 19:10:31	0	5141
2019-01-16 19:10:31	0	5142
2019-01-16 19:10:31	0	5143
2019-01-16 19:10:31	0	5144
2019-01-16 19:10:31	0	5145
2019-01-16 19:10:31	1	5146
2019-01-16 19:10:31	0	5147
2019-01-16 19:10:31	1	5148
2019-01-16 19:10:31	0	5149
2019-01-16 19:10:31	0	5150
2019-01-16 19:10:31	1	5151
2019-01-16 19:10:31	1	5152
2019-01-16 19:10:31	0	5153
2019-01-16 19:10:31	1	5154
2019-01-16 19:10:31	1	5155
2019-01-16 19:10:31	1	5156
2019-01-16 19:10:31	0	5157
2019-01-16 19:10:31	1	5158
2019-01-16 19:10:31	1	5160
2019-01-16 19:10:31	1	5161
2019-01-16 19:10:31	0	5162
2019-01-16 19:10:31	1	5163
2019-01-16 19:10:31	1	5165
2019-01-16 19:10:31	1	5166
2019-01-16 19:10:31	1	5167
2019-01-16 19:10:31	0	5170
2019-01-16 19:10:31	0	5171
2019-01-16 19:10:31	1	5172
2019-01-16 19:10:31	1	5176
2019-01-16 19:10:31	1	5177
2019-01-16 19:10:31	1	5178
2019-01-16 19:10:31	1	5180
2019-01-16 19:10:31	1	5181
2019-01-16 19:10:31	1	5183
2019-01-16 19:10:31	1	5184
2019-01-16 19:10:31	1	5185
2019-01-16 19:10:31	1	5201
2019-01-16 19:10:31	0	5206
2019-01-16 19:10:31	0	5224
2019-01-16 19:10:31	1	5225
2019-01-16 19:10:31	0	5226
2019-01-16 19:10:31	0	5227
2019-01-16 19:10:31	1	5229
2019-01-16 19:10:31	0	5230
2019-01-16 19:10:31	0	5231
2019-01-16 19:10:31	0	5232
2019-01-16 19:10:31	0	5233
2019-01-16 19:10:31	0	5234
2019-01-16 19:10:31	1	5235
2019-01-16 19:10:31	0	5236
2019-01-16 19:10:31	0	5237
2019-01-16 19:10:31	1	5238
2019-01-16 19:10:31	0	5239
2019-01-16 19:10:31	0	5240
2019-01-16 19:10:31	0	5245
2019-01-16 19:10:31	1	5246
2019-01-16 19:10:31	0	5248
2019-01-16 19:10:31	0	5249
2019-01-16 19:10:31	0	5250
2019-01-16 19:10:31	1	5251
2019-01-16 19:10:31	1	5252
2019-01-16 19:10:31	0	5253
2019-01-16 19:10:31	1	5254
2019-01-16 19:10:31	1	5255
2019-01-16 19:10:31	1	5256
2019-01-16 19:10:31	0	5257
2019-01-16 19:10:31	0	5258
2019-01-16 19:10:31	0	5259
2019-01-16 19:10:31	0	5260
2019-01-16 19:10:31	0	5261
2019-01-16 19:10:31	0	5262
2019-01-16 19:10:31	0	5263
2019-01-16 19:10:31	0	5264
2019-01-16 19:10:31	0	5265
2019-01-16 19:10:31	1	5266
2019-01-16 19:10:31	0	5267
2019-01-16 19:10:31	1	5268
2019-01-16 19:10:31	1	5269
2019-01-16 19:10:31	0	5270
2019-01-16 19:10:31	0	5271
2019-01-16 19:10:31	0	5272
2019-01-16 19:10:31	0	5273
2019-01-16 19:10:31	0	5274
2019-01-16 19:10:31	0	5300
2019-01-16 19:10:31	0	5301
2019-01-16 19:10:31	0	5302
2019-01-16 19:10:31	0	5303
2019-01-16 19:10:31	0	5304
2019-01-16 19:10:31	1	5305
2019-01-16 19:10:31	1	5306
2019-01-16 19:10:31	1	5307
2019-01-16 19:10:31	1	5308
2019-01-16 19:10:31	0	5309
2019-01-16 19:10:31	0	5311
2019-01-16 19:10:31	1	5312
2019-01-16 19:10:31	1	5313
2019-01-16 19:10:31	1	5314
2019-01-16 19:10:31	1	5315
2019-01-16 19:10:31	1	5316
2019-01-16 19:10:31	1	5317
2019-01-16 19:10:31	1	5318
2019-01-16 19:10:31	0	5321
2019-01-16 19:10:31	0	5322
2019-01-16 19:10:31	1	5323
2019-01-16 19:10:31	0	5324
2019-01-16 19:10:31	0	5325
2019-01-16 19:10:31	0	5326
2019-01-16 19:10:31	1	5327
2019-01-16 19:10:31	1	5328
2019-01-16 19:10:31	1	5329
2019-01-16 19:10:31	1	5330
2019-01-16 19:10:31	1	5331
2019-01-16 19:10:31	0	5332
2019-01-16 19:10:31	1	5333
2019-01-16 19:10:31	1	5336
2019-01-16 19:10:31	0	5345
2019-01-16 19:10:31	0	5346
2019-01-16 19:10:31	0	5347
2019-01-16 19:10:31	0	5348
2019-01-16 19:10:31	0	5349
2019-01-16 19:10:31	0	5351
2019-01-16 19:10:31	0	5352
2019-01-16 19:10:31	0	5353
2019-01-16 19:10:31	1	5354
2019-01-16 19:10:31	0	5355
2019-01-16 19:10:31	1	5356
2019-01-16 19:10:31	1	5357
2019-01-16 19:10:31	1	5358
2019-01-16 19:10:31	1	5359
2019-01-16 19:10:31	0	5360
2019-01-16 19:10:31	1	5361
2019-01-16 19:10:31	1	5362
2019-01-16 19:10:31	1	5363
2019-01-16 19:10:31	1	5364
2019-01-16 19:10:31	1	5367
2019-01-16 19:10:31	1	5368
2019-01-16 19:10:31	1	5369
2019-01-16 19:10:31	1	5370
2019-01-16 19:10:31	1	5371
2019-01-16 19:10:31	1	5372
2019-01-16 19:10:31	0	5373
2019-01-16 19:10:31	0	5374
2019-01-16 19:10:31	1	5375
2019-01-16 19:10:31	1	5376
2019-01-16 19:10:31	0	5378
2019-01-16 19:10:31	0	5383
2019-01-16 19:10:31	1	5384
2019-01-16 19:10:31	0	5385
2019-01-16 19:10:31	1	5386
2019-01-16 19:10:31	1	5387
2019-01-16 19:10:31	1	5388
2019-01-16 19:10:31	1	5389
2019-01-16 19:10:31	1	5390
2019-01-16 19:10:31	1	5391
2019-01-16 19:10:31	1	5392
2019-01-16 19:10:31	0	5393
2019-01-16 19:10:31	1	5394
2019-01-16 19:10:31	1	5395
2019-01-16 19:10:31	1	5396
2019-01-16 19:10:31	1	5397
2019-01-16 19:10:31	1	5398
2019-01-16 19:10:31	1	5399
2019-01-16 19:10:31	1	5400
2019-01-16 19:10:31	1	5401
2019-01-16 19:10:31	1	5405
2019-01-16 19:10:31	1	5406
2019-01-16 19:10:31	1	5407
2019-01-16 19:10:31	1	5408
2019-01-16 19:10:31	0	5409
2019-01-16 19:10:31	1	5410
2019-01-16 19:10:31	1	5411
2019-01-16 19:10:31	0	5412
2019-01-16 19:10:31	1	5413
2019-01-16 19:10:31	0	5414
2019-01-16 19:10:31	1	5416
2019-01-16 19:10:31	1	5417
2019-01-16 19:10:31	1	5424
2019-01-16 19:10:31	1	5425
2019-01-16 19:10:31	1	5426
2019-01-16 19:10:31	1	5427
2019-01-16 19:10:31	1	5428
2019-01-16 19:10:31	1	5429
2019-01-16 19:10:31	1	5430
2019-01-16 19:10:31	1	5431
2019-01-16 19:10:31	1	5432
2019-01-16 19:10:31	1	5433
2019-01-16 19:10:31	1	5434
2019-01-16 19:10:31	1	5435
2019-01-16 19:10:31	1	5436
2019-01-16 19:10:31	1	5437
2019-01-16 19:10:31	1	5438
2019-01-16 19:10:31	1	5439
2019-01-16 19:10:31	1	5440
2019-01-16 19:10:31	1	5441
2019-01-16 19:10:31	1	5442
2019-01-16 19:10:31	1	5443
2019-01-16 19:10:31	1	5444
2019-01-16 19:10:31	1	5445
2019-01-16 19:10:31	1	5446
2019-01-16 19:10:31	1	5447
2019-01-16 19:10:31	1	5448
2019-01-16 19:10:31	1	5449
2019-01-16 19:10:31	1	5450
2019-01-16 19:10:31	1	5451
2019-01-16 19:10:31	1	5452
2019-01-16 19:10:31	1	5453
2019-01-16 19:10:31	1	5454
2019-01-16 19:10:31	1	5455
2019-01-16 19:10:31	1	5456
2019-01-16 19:10:31	1	5457
2019-01-16 19:10:31	1	5458
2019-01-16 19:10:31	1	5459
2019-01-16 19:10:31	1	5460
2019-01-16 19:10:31	0	5462
2019-01-16 19:10:31	0	5463
2019-01-16 19:10:31	0	5464
2019-01-16 19:10:31	0	5465
2019-01-16 19:10:31	0	5467
2019-01-16 19:10:31	1	5468
2019-01-16 19:10:31	1	5469
2019-01-16 19:10:31	1	5470
2019-01-16 19:10:31	1	5471
2019-01-16 19:10:31	1	5472
2019-01-16 19:10:31	1	5474
2019-01-16 19:10:31	1	5475
2019-01-16 19:10:31	1	5476
2019-01-16 19:10:31	1	5477
2019-01-16 19:10:31	1	5478
2019-01-16 19:10:31	1	5479
2019-01-16 19:10:31	0	5480
2019-01-16 19:10:31	0	5481
2019-01-16 19:10:31	0	5482
2019-01-16 19:10:31	1	5484
2019-01-16 19:10:31	0	5485
2019-01-16 19:10:31	0	5486
2019-01-16 19:10:31	0	5487
2019-01-16 19:10:31	1	5488
2019-01-16 19:10:31	1	5489
2019-01-16 19:10:31	1	5491
2019-01-16 19:10:31	1	5493
2019-01-16 19:10:31	0	5583
2019-01-16 19:10:31	1	5584
2019-01-16 19:10:31	1	5585
2019-01-16 19:10:31	0	5586
2019-01-16 19:10:31	0	5587
2019-01-16 19:10:31	1	5588
2019-01-16 19:10:31	1	5589
2019-01-16 19:10:31	1	5590
2019-01-16 19:10:31	0	5600
2019-01-16 19:10:31	1	5601
2019-01-16 19:10:31	1	5602
2019-01-16 19:10:31	1	5603
2019-01-16 19:10:31	1	5604
2019-01-16 19:10:31	0	5605
2019-01-16 19:10:31	1	5606
2019-01-16 19:10:31	1	5607
2019-01-16 19:10:31	1	5608
2019-01-16 19:10:31	0	5609
2019-01-16 19:10:31	1	5610
2019-01-16 19:10:31	1	5611
2019-01-16 19:10:31	1	5612
2019-01-16 19:10:31	1	5614
2019-01-16 19:10:31	1	5615
2019-01-16 19:10:31	1	5616
2019-01-16 19:10:31	0	5617
2019-01-16 19:10:31	1	5618
2019-01-16 19:10:31	1	5619
2019-01-16 19:10:31	1	5620
2019-01-16 19:10:31	0	5621
2019-01-16 19:10:31	1	5622
2019-01-16 19:10:31	0	5623
2019-01-16 19:10:31	1	5624
2019-01-16 19:10:31	1	5625
2019-01-16 19:10:31	0	5626
2019-01-16 19:10:31	0	5627
2019-01-16 19:10:31	0	5628
2019-01-16 19:10:31	0	5629
2019-01-16 19:10:31	0	5630
2019-01-16 19:10:31	0	5631
2019-01-16 19:10:31	0	5632
2019-01-16 19:10:31	1	5634
2019-01-16 19:10:31	0	5635
2019-01-16 19:10:31	1	5636
2019-01-16 19:10:31	1	5637
2019-01-16 19:10:31	1	5638
2019-01-16 19:10:31	1	5639
2019-01-16 19:10:31	1	5640
2019-01-16 19:10:31	0	5641
2019-01-16 19:10:31	1	5642
2019-01-16 19:10:31	1	5643
2019-01-16 19:10:31	1	5644
2019-01-16 19:10:31	1	5645
2019-01-16 19:10:31	0	5646
2019-01-16 19:10:31	1	5647
2019-01-16 19:10:31	1	5648
2019-01-16 19:10:31	0	5649
2019-01-16 19:10:31	1	5650
2019-01-16 19:10:31	1	5651
2019-01-16 19:10:31	1	5652
2019-01-16 19:10:31	0	5653
2019-01-16 19:10:31	1	5654
2019-01-16 19:10:31	1	5655
2019-01-16 19:10:31	1	5656
2019-01-16 19:10:31	1	5657
2019-01-16 19:10:31	1	5658
2019-01-16 19:10:31	0	5659
2019-01-16 19:10:31	0	5660
2019-01-16 19:10:31	0	5661
2019-01-16 19:10:31	0	5662
2019-01-16 19:10:31	0	5663
2019-01-16 19:10:31	0	5664
2019-01-16 19:10:31	0	5665
2019-01-16 19:10:31	0	5666
2019-01-16 19:10:31	0	5668
2019-01-16 19:10:31	0	5669
2019-01-16 19:10:31	0	5670
2019-01-16 19:10:31	0	5671
2019-01-16 19:10:31	0	5672
2019-01-16 19:10:31	0	5673
2019-01-16 19:10:31	1	5674
2019-01-16 19:10:31	0	5675
2019-01-16 19:10:31	0	5676
2019-01-16 19:10:31	1	5677
2019-01-16 19:10:31	1	5678
2019-01-16 19:10:31	0	5679
2019-01-16 19:10:31	1	5680
2019-01-16 19:10:31	1	5681
2019-01-16 19:10:31	1	5682
2019-01-16 19:10:31	1	5683
2019-01-16 19:10:31	1	5684
2019-01-16 19:10:31	1	5685
2019-01-16 19:10:31	1	5686
2019-01-16 19:10:31	1	5687
2019-01-16 19:10:31	1	5688
2019-01-16 19:10:31	1	5689
2019-01-16 19:10:31	1	5690
2019-01-16 19:10:31	1	5691
2019-01-16 19:10:31	1	5692
2019-01-16 19:10:31	1	5693
2019-01-16 19:10:31	1	5694
2019-01-16 19:10:31	1	5695
2019-01-16 19:10:31	0	5696
2019-01-16 19:10:31	1	5697
2019-01-16 19:10:31	1	5698
2019-01-16 19:10:31	0	5699
2019-01-16 19:10:31	1	5700
2019-01-16 19:10:31	0	5708
2019-01-16 19:10:31	0	5709
2019-01-16 19:10:31	0	5710
2019-01-16 19:10:31	0	5711
2019-01-16 19:10:31	0	5712
2019-01-16 19:10:31	1	5713
2019-01-16 19:10:31	1	5714
2019-01-16 19:10:31	1	5715
2019-01-16 19:10:31	1	5716
2019-01-16 19:10:31	1	5717
2019-01-16 19:10:31	0	5718
2019-01-16 19:10:31	1	5719
2019-01-16 19:10:31	1	5720
2019-01-16 19:10:31	1	5721
2019-01-16 19:10:31	1	5722
2019-01-16 19:10:31	0	5723
2019-01-16 19:10:31	1	5724
2019-01-16 19:10:31	1	5725
2019-01-16 19:10:31	0	5726
2019-01-16 19:10:31	1	5727
2019-01-16 19:10:31	1	5728
2019-01-16 19:10:31	1	5730
2019-01-16 19:10:31	0	5731
2019-01-16 19:10:31	0	5732
2019-01-16 19:10:31	0	5733
2019-01-16 19:10:31	1	5734
2019-01-16 19:10:31	1	5735
2019-01-16 19:10:31	1	5736
2019-01-16 19:10:31	1	5737
2019-01-16 19:10:31	0	5738
2019-01-16 19:10:31	1	5739
2019-01-16 19:10:31	0	5740
2019-01-16 19:10:31	1	5741
2019-01-16 19:10:31	1	5742
2019-01-16 19:10:31	1	5743
2019-01-16 19:10:31	1	5744
2019-01-16 19:10:31	1	5745
2019-01-16 19:10:31	1	5749
2019-01-16 19:10:31	1	5750
2019-01-16 19:10:31	0	5751
2019-01-16 19:10:31	1	5752
2019-01-16 19:10:31	0	5753
2019-01-16 19:10:31	1	5754
2019-01-16 19:10:31	1	5755
2019-01-16 19:10:31	1	5756
2019-01-16 19:10:31	1	5757
2019-01-16 19:10:31	1	5758
2019-01-16 19:10:31	1	5759
2019-01-16 19:10:31	1	5760
2019-01-16 19:10:31	1	5761
2019-01-16 19:10:31	1	5762
2019-01-16 19:10:31	1	5763
2019-01-16 19:10:31	1	5764
2019-01-16 19:10:31	1	5765
2019-01-16 19:10:31	1	5766
2019-01-16 19:10:31	1	5767
2019-01-16 19:10:31	1	5768
2019-01-16 19:10:31	1	5769
2019-01-16 19:10:31	0	5770
2019-01-16 19:10:31	1	5771
2019-01-16 19:10:31	1	5772
2019-01-16 19:10:31	1	5773
2019-01-16 19:10:31	1	5774
2019-01-16 19:10:31	1	5775
2019-01-16 19:10:31	1	5776
2019-01-16 19:10:31	1	5777
2019-01-16 19:10:31	1	5780
2019-01-16 19:10:31	1	5781
2019-01-16 19:10:31	1	5782
2019-01-16 19:10:31	1	5783
2019-01-16 19:10:31	1	5784
2019-01-16 19:10:31	1	5785
2019-01-16 19:10:31	0	5787
2019-01-16 19:10:31	0	5788
2019-01-16 19:10:31	0	5789
2019-01-16 19:10:31	0	5790
2019-01-16 19:10:31	0	5791
2019-01-16 19:10:31	1	5792
2019-01-16 19:10:31	1	5793
2019-01-16 19:10:31	0	5794
2019-01-16 19:10:31	0	5795
2019-01-16 19:10:31	1	5796
2019-01-16 19:10:31	0	5797
2019-01-16 19:10:31	0	5798
2019-01-16 19:10:31	0	5799
2019-01-16 19:10:31	0	5800
2019-01-16 19:10:31	0	5801
2019-01-16 19:10:31	1	5802
2019-01-16 19:10:31	0	5803
2019-01-16 19:10:31	0	5804
2019-01-16 19:10:31	0	5805
2019-01-16 19:10:31	0	5806
2019-01-16 19:10:31	0	5807
2019-01-16 19:10:31	0	5810
2019-01-16 19:10:31	1	5811
2019-01-16 19:10:31	0	5812
2019-01-16 19:10:31	1	5813
2019-01-16 19:10:31	0	5814
2019-01-16 19:10:31	0	5815
2019-01-16 19:10:31	1	5816
2019-01-16 19:10:31	0	5817
2019-01-16 19:10:31	1	5818
2019-01-16 19:10:31	1	5819
2019-01-16 19:10:31	0	5820
2019-01-16 19:10:31	0	5821
2019-01-16 19:10:31	0	5849
2019-01-16 19:10:31	1	5850
2019-01-16 19:10:31	1	5851
2019-01-16 19:10:31	1	5852
2019-01-16 19:10:31	1	5853
2019-01-16 19:10:31	1	5854
2019-01-16 19:10:31	1	5855
2019-01-16 19:10:31	1	5856
2019-01-16 19:10:31	1	5857
2019-01-16 19:10:31	1	5858
2019-01-16 19:10:31	1	5859
2019-01-16 19:10:31	1	5860
2019-01-16 19:10:31	1	5861
2019-01-16 19:10:31	1	5862
2019-01-16 19:10:31	1	5864
2019-01-16 19:10:31	1	5865
2019-01-16 19:10:31	1	5866
2019-01-16 19:10:31	1	5867
2019-01-16 19:10:31	1	5868
2019-01-16 19:10:31	1	5869
2019-01-16 19:10:31	1	5870
2019-01-16 19:10:31	1	5871
2019-01-16 19:10:31	1	5872
2019-01-16 19:10:31	1	5873
2019-01-16 19:10:31	1	5874
2019-01-16 19:10:31	1	5875
2019-01-16 19:10:31	1	5876
2019-01-16 19:10:31	1	5877
2019-01-16 19:10:31	1	5878
2019-01-16 19:10:31	1	5879
2019-01-16 19:10:31	1	5880
2019-01-16 19:10:31	1	5881
2019-01-16 19:10:31	1	5882
2019-01-16 19:10:31	1	5883
2019-01-16 19:10:31	1	5884
2019-01-16 19:10:31	1	5886
2019-01-16 19:10:31	1	5887
2019-01-16 19:10:31	1	5888
2019-01-16 19:10:31	1	5889
2019-01-16 19:10:31	1	5890
2019-01-16 19:10:31	1	5891
2019-01-16 19:10:31	1	5892
2019-01-16 19:10:31	1	5893
2019-01-16 19:10:31	1	5894
2019-01-16 19:10:31	1	5895
2019-01-16 19:10:31	0	5896
2019-01-16 19:10:31	1	5897
2019-01-16 19:10:31	1	5898
2019-01-16 19:10:31	1	5899
2019-01-16 19:10:31	1	5900
2019-01-16 19:10:31	1	5902
2019-01-16 19:10:31	1	5903
2019-01-16 19:10:31	1	5904
2019-01-16 19:10:31	1	5905
2019-01-16 19:10:31	1	5906
2019-01-16 19:10:31	1	5907
2019-01-16 19:10:31	1	5908
2019-01-16 19:10:31	1	5909
2019-01-16 19:10:31	1	5910
2019-01-16 19:10:31	1	5911
2019-01-16 19:10:31	1	5912
2019-01-16 19:10:31	1	5913
2019-01-16 19:10:31	1	5914
2019-01-16 19:10:31	1	5915
2019-01-16 19:10:31	1	5916
2019-01-16 19:10:31	1	5917
2019-01-16 19:10:31	1	5918
2019-01-16 19:10:31	1	5919
2019-01-16 19:10:31	1	5920
2019-01-16 19:10:31	1	5921
2019-01-16 19:10:31	1	5922
2019-01-16 19:10:31	1	5923
2019-01-16 19:10:31	1	5924
2019-01-16 19:10:31	1	5925
2019-01-16 19:10:31	0	5926
2019-01-16 19:10:31	1	5927
2019-01-16 19:10:31	1	5928
2019-01-16 19:10:31	1	5929
2019-01-16 19:10:31	1	5982
2019-01-16 19:10:31	0	5983
2019-01-16 19:10:31	0	6005
2019-01-16 19:10:31	0	6007
2019-01-16 19:10:31	1	6008
2019-01-16 19:10:31	0	6009
2019-01-16 19:10:31	1	6010
2019-01-16 19:10:31	0	6015
2019-01-16 19:10:31	1	6016
2019-01-16 19:10:31	0	6017
2019-01-16 19:10:31	0	6018
2019-01-16 19:10:31	0	6019
2019-01-16 19:10:31	0	6020
2019-01-16 19:10:31	1	6021
2019-01-16 19:10:31	0	6022
2019-01-16 19:10:31	0	6023
2019-01-16 19:10:31	0	6024
2019-01-16 19:10:31	0	6025
2019-01-16 19:10:31	0	6026
2019-01-16 19:10:31	0	6035
2019-01-16 19:10:31	0	6036
2019-01-16 19:10:31	1	6037
2019-01-16 19:10:31	1	6038
2019-01-16 19:10:31	1	6039
2019-01-16 19:10:31	1	6044
2019-01-16 19:10:31	0	6045
2019-01-16 19:10:31	0	6047
2019-01-16 19:10:31	0	6049
2019-01-16 19:10:31	0	6050
2019-01-16 19:10:31	0	6051
2019-01-16 19:10:31	1	6052
2019-01-16 19:10:31	0	6053
2019-01-16 19:10:31	1	6054
2019-01-16 19:10:31	1	6055
2019-01-16 19:10:31	0	6056
2019-01-16 19:10:31	1	6057
2019-01-16 19:10:31	1	6058
2019-01-16 19:10:31	1	6059
2019-01-16 19:10:31	1	6060
2019-01-16 19:10:31	0	6061
2019-01-16 19:10:31	1	6063
2019-01-16 19:10:31	1	6064
2019-01-16 19:10:31	1	6066
2019-01-16 19:10:31	1	6067
2019-01-16 19:10:31	0	6068
2019-01-16 19:10:31	1	6069
2019-01-16 19:10:31	1	6070
2019-01-16 19:10:31	1	6073
2019-01-16 19:10:31	0	6074
2019-01-16 19:10:31	0	6075
2019-01-16 19:10:31	1	6076
2019-01-16 19:10:31	1	6077
2019-01-16 19:10:31	0	6078
2019-01-16 19:10:31	1	6079
2019-01-16 19:10:31	0	6080
2019-01-16 19:10:31	1	6081
2019-01-16 19:10:31	0	6082
2019-01-16 19:10:31	0	6083
2019-01-16 19:10:31	0	6084
2019-01-16 19:10:31	1	6085
2019-01-16 19:10:31	0	6086
2019-01-16 19:10:31	0	6087
2019-01-16 19:10:31	0	6088
2019-01-16 19:10:31	0	6089
2019-01-16 19:10:31	1	6090
2019-01-16 19:10:31	1	6091
2019-01-16 19:10:31	1	6092
2019-01-16 19:10:31	0	6093
2019-01-16 19:10:31	1	6101
2019-01-16 19:10:31	1	6102
2019-01-16 19:10:31	1	6103
2019-01-16 19:10:31	0	6104
2019-01-16 19:10:31	1	6105
2019-01-16 19:10:31	1	6106
2019-01-16 19:10:31	1	6107
2019-01-16 19:10:31	1	6108
2019-01-16 19:10:31	1	6109
2019-01-16 19:10:31	1	6110
2019-01-16 19:10:31	0	6111
2019-01-16 19:10:31	1	6112
2019-01-16 19:10:31	1	6113
2019-01-16 19:10:31	1	6114
2019-01-16 19:10:31	1	6115
2019-01-16 19:10:31	1	6116
2019-01-16 19:10:31	1	6117
2019-01-16 19:10:31	0	6118
2019-01-16 19:10:31	1	6119
2019-01-16 19:10:31	1	6120
2019-01-16 19:10:31	1	6121
2019-01-16 19:10:31	1	6122
2019-01-16 19:10:31	0	6123
2019-01-16 19:10:31	1	6124
2019-01-16 19:10:31	1	6125
2019-01-16 19:10:31	1	6126
2019-01-16 19:10:31	1	6127
2019-01-16 19:10:31	0	6128
2019-01-16 19:10:31	0	6130
2019-01-16 19:10:31	1	6131
2019-01-16 19:10:31	0	6132
2019-01-16 19:10:31	1	6133
2019-01-16 19:10:31	1	6135
2019-01-16 19:10:31	1	6136
2019-01-16 19:10:31	1	6137
2019-01-16 19:10:31	1	6138
2019-01-16 19:10:31	1	6139
2019-01-16 19:10:31	1	6140
2019-01-16 19:10:31	1	6141
2019-01-16 19:10:31	1	6142
2019-01-16 19:10:31	1	6143
2019-01-16 19:10:31	1	6145
2019-01-16 19:10:31	1	6146
2019-01-16 19:10:31	1	6147
2019-01-16 19:10:31	0	6148
2019-01-16 19:10:31	1	6149
2019-01-16 19:10:31	1	6150
2019-01-16 19:10:31	1	6151
2019-01-16 19:10:31	1	6152
2019-01-16 19:10:31	1	6153
2019-01-16 19:10:31	0	6154
2019-01-16 19:10:31	1	6155
2019-01-16 19:10:31	0	6169
2019-01-16 19:10:31	0	6170
2019-01-16 19:10:31	0	6171
2019-01-16 19:10:31	0	6172
2019-01-16 19:10:31	0	6173
2019-01-16 19:10:31	1	6174
2019-01-16 19:10:31	1	6175
2019-01-16 19:10:31	1	6176
2019-01-16 19:10:31	1	6177
2019-01-16 19:10:31	0	6178
2019-01-16 19:10:31	0	6179
2019-01-16 19:10:31	0	6180
2019-01-16 19:10:31	1	6181
2019-01-16 19:10:31	1	6182
2019-01-16 19:10:31	1	6183
2019-01-16 19:10:31	1	6184
2019-01-16 19:10:31	1	6185
2019-01-16 19:10:31	0	6186
2019-01-16 19:10:31	1	6188
2019-01-16 19:10:31	1	6189
2019-01-16 19:10:31	1	6190
2019-01-16 19:10:31	1	6191
2019-01-16 19:10:31	1	6192
2019-01-16 19:10:31	0	6193
2019-01-16 19:10:31	0	6194
2019-01-16 19:10:31	0	6195
2019-01-16 19:10:31	0	6196
2019-01-16 19:10:31	0	6197
2019-01-16 19:10:31	0	6198
2019-01-16 19:10:31	0	6199
2019-01-16 19:10:31	1	6200
2019-01-16 19:10:31	0	6201
2019-01-16 19:10:31	0	6202
2019-01-16 19:10:31	1	6203
2019-01-16 19:10:31	1	6204
2019-01-16 19:10:31	1	6205
2019-01-16 19:10:31	1	6206
2019-01-16 19:10:31	1	6207
2019-01-16 19:10:31	0	6208
2019-01-16 19:10:31	0	6209
2019-01-16 19:10:31	0	6210
2019-01-16 19:10:31	1	6211
2019-01-16 19:10:31	1	6212
2019-01-16 19:10:31	1	6213
2019-01-16 19:10:31	0	6214
2019-01-16 19:10:31	1	6215
2019-01-16 19:10:31	1	6216
2019-01-16 19:10:31	1	6217
2019-01-16 19:10:31	1	6218
2019-01-16 19:10:31	1	6219
2019-01-16 19:10:31	1	6220
2019-01-16 19:10:31	1	6221
2019-01-16 19:10:31	1	6222
2019-01-16 19:10:31	0	6223
2019-01-16 19:10:31	0	6224
2019-01-16 19:10:31	1	6225
2019-01-16 19:10:31	1	6226
2019-01-16 19:10:31	1	6227
2019-01-16 19:10:31	0	6228
2019-01-16 19:10:31	1	6229
2019-01-16 19:10:31	1	6230
2019-01-16 19:10:31	0	6231
2019-01-16 19:10:31	1	6232
2019-01-16 19:10:31	1	6233
2019-01-16 19:10:31	1	6234
2019-01-16 19:10:31	1	6235
2019-01-16 19:10:31	1	6236
2019-01-16 19:10:31	1	6237
2019-01-16 19:10:31	0	6238
2019-01-16 19:10:31	0	6239
2019-01-16 19:10:31	1	6240
2019-01-16 19:10:31	1	6241
2019-01-16 19:10:31	0	6242
2019-01-16 19:10:31	0	6243
2019-01-16 19:10:31	1	6244
2019-01-16 19:10:31	1	6246
2019-01-16 19:10:31	0	6247
2019-01-16 19:10:31	1	6248
2019-01-16 19:10:31	1	6249
2019-01-16 19:10:31	1	6250
2019-01-16 19:10:31	1	6251
2019-01-16 19:10:31	0	6252
2019-01-16 19:10:31	0	6253
2019-01-16 19:10:31	0	6254
2019-01-16 19:10:31	0	6255
2019-01-16 19:10:31	0	6256
2019-01-16 19:10:31	0	6257
2019-01-16 19:10:31	0	6258
2019-01-16 19:10:31	1	6259
2019-01-16 19:10:31	1	6260
2019-01-16 19:10:31	1	6261
2019-01-16 19:10:31	0	6262
2019-01-16 19:10:31	1	6263
2019-01-16 19:10:31	1	6264
2019-01-16 19:10:31	1	6265
2019-01-16 19:10:31	1	6266
2019-01-16 19:10:31	1	6267
2019-01-16 19:10:31	1	6268
2019-01-16 19:10:31	1	6269
2019-01-16 19:10:31	1	6270
2019-01-16 19:10:31	1	6271
2019-01-16 19:10:31	1	6272
2019-01-16 19:10:31	0	6273
2019-01-16 19:10:31	0	6274
2019-01-16 19:10:31	0	6275
2019-01-16 19:10:31	0	6278
2019-01-16 19:10:31	1	6279
2019-01-16 19:10:31	1	6280
2019-01-16 19:10:31	1	6281
2019-01-16 19:10:31	1	6282
2019-01-16 19:10:31	0	6283
2019-01-16 19:10:31	1	6284
2019-01-16 19:10:31	1	6285
2019-01-16 19:10:31	1	6286
2019-01-16 19:10:31	0	6287
2019-01-16 19:10:31	1	6288
2019-01-16 19:10:31	1	6289
2019-01-16 19:10:31	1	6290
2019-01-16 19:10:31	1	6292
2019-01-16 19:10:31	1	6293
2019-01-16 19:10:31	1	6294
2019-01-16 19:10:31	1	6295
2019-01-16 19:10:31	0	6296
2019-01-16 19:10:31	0	6297
2019-01-16 19:10:31	1	6298
2019-01-16 19:10:31	0	6302
2019-01-16 19:10:31	0	6304
2019-01-16 19:10:31	0	6305
2019-01-16 19:10:31	1	6306
2019-01-16 19:10:31	1	6307
2019-01-16 19:10:31	0	6308
2019-01-16 19:10:31	1	6309
2019-01-16 19:10:31	0	6310
2019-01-16 19:10:31	1	6312
2019-01-16 19:10:31	1	6320
2019-01-16 19:10:31	1	6321
2019-01-16 19:10:31	1	6322
2019-01-16 19:10:31	1	6323
2019-01-16 19:10:31	0	6324
2019-01-16 19:10:31	0	6325
2019-01-16 19:10:31	1	6326
2019-01-16 19:10:31	0	6327
2019-01-16 19:10:31	1	6328
2019-01-16 19:10:31	1	6329
2019-01-16 19:10:31	0	6330
2019-01-16 19:10:31	1	6332
2019-01-16 19:10:31	1	6333
2019-01-16 19:10:31	1	6334
2019-01-16 19:10:31	1	6335
2019-01-16 19:10:31	1	6350
2019-01-16 19:10:31	1	6351
2019-01-16 19:10:31	1	6352
2019-01-16 19:10:31	1	6358
2019-01-16 19:10:31	1	6359
2019-01-16 19:10:31	1	6360
2019-01-16 19:10:31	1	6361
2019-01-16 19:10:31	1	6362
2019-01-16 19:10:31	1	6372
2019-01-16 19:10:31	0	6373
2019-01-16 19:10:31	0	6374
2019-01-16 19:10:31	1	6375
2019-01-16 19:10:31	0	6376
2019-01-16 19:10:31	1	6377
2019-01-16 19:10:31	1	6380
2019-01-16 19:10:31	0	6381
2019-01-16 19:10:31	0	6382
2019-01-16 19:10:31	0	6383
2019-01-16 19:10:31	0	6384
2019-01-16 19:10:31	1	6385
2019-01-16 19:10:31	0	6386
2019-01-16 19:10:31	0	6387
2019-01-16 19:10:31	0	6388
2019-01-16 19:10:31	0	6389
2019-01-16 19:10:31	0	6390
2019-01-16 19:10:31	0	6391
2019-01-16 19:10:31	0	6393
2019-01-16 19:10:31	0	6394
2019-01-16 19:10:31	1	6395
2019-01-16 19:10:31	0	6396
2019-01-16 19:10:31	0	6398
2019-01-16 19:10:31	0	6399
2019-01-16 19:10:31	0	6400
2019-01-16 19:10:31	0	6401
2019-01-16 19:10:31	0	6403
2019-01-16 19:10:31	1	6404
2019-01-16 19:10:31	0	6405
2019-01-16 19:10:31	0	6406
2019-01-16 19:10:31	1	6408
2019-01-16 19:10:31	0	6409
2019-01-16 19:10:31	1	6410
2019-01-16 19:10:31	1	6411
2019-01-16 19:10:31	0	6412
2019-01-16 19:10:31	1	6413
2019-01-16 19:10:31	1	6414
2019-01-16 19:10:31	1	6415
2019-01-16 19:10:31	1	6416
2019-01-16 19:10:31	0	6417
2019-01-16 19:10:31	0	6418
2019-01-16 19:10:31	1	6419
2019-01-16 19:10:31	1	6420
2019-01-16 19:10:31	1	6421
2019-01-16 19:10:31	1	6422
2019-01-16 19:10:31	0	6423
2019-01-16 19:10:31	1	6425
2019-01-16 19:10:31	0	6426
2019-01-16 19:10:31	1	6427
2019-01-16 19:10:31	0	6428
2019-01-16 19:10:31	0	6429
2019-01-16 19:10:31	1	6430
2019-01-16 19:10:31	0	6431
2019-01-16 19:10:31	0	6432
2019-01-16 19:10:31	1	6433
2019-01-16 19:10:31	1	6434
2019-01-16 19:10:31	0	6435
2019-01-16 19:10:31	0	6436
2019-01-16 19:10:31	1	6437
2019-01-16 19:10:31	1	6438
2019-01-16 19:10:31	0	6439
2019-01-16 19:10:31	0	6442
2019-01-16 19:10:31	1	6443
2019-01-16 19:10:31	0	6445
2019-01-16 19:10:31	1	6453
2019-01-16 19:10:31	1	6454
2019-01-16 19:10:31	1	6455
2019-01-16 19:10:31	1	6456
2019-01-16 19:10:31	0	6465
2019-01-16 19:10:31	1	6466
2019-01-16 19:10:31	1	6467
2019-01-16 19:10:31	1	6468
2019-01-16 19:10:31	1	6469
2019-01-16 19:10:31	0	6470
2019-01-16 19:10:31	0	6471
2019-01-16 19:10:31	1	6472
2019-01-16 19:10:31	1	6474
2019-01-16 19:10:31	1	6482
2019-01-16 19:10:31	1	6483
2019-01-16 19:10:31	1	6484
2019-01-16 19:10:31	1	6485
2019-01-16 19:10:31	1	6486
2019-01-16 19:10:31	1	6487
2019-01-16 19:10:31	1	6488
2019-01-16 19:10:31	1	6489
2019-01-16 19:10:31	1	6490
2019-01-16 19:10:31	1	6491
2019-01-16 19:10:31	1	6492
2019-01-16 19:10:31	1	6493
2019-01-16 19:10:31	1	6495
2019-01-16 19:10:31	1	6496
2019-01-16 19:10:31	1	6517
2019-01-16 19:10:31	1	6518
2019-01-16 19:10:31	0	6519
2019-01-16 19:10:31	1	6520
2019-01-16 19:10:31	1	6521
2019-01-16 19:10:31	0	6522
2019-01-16 19:10:31	1	6523
2019-01-16 19:10:31	1	6524
2019-01-16 19:10:31	0	6525
2019-01-16 19:10:31	0	6533
2019-01-16 19:10:31	0	6534
2019-01-16 19:10:31	0	6535
2019-01-16 19:10:31	1	6536
2019-01-16 19:10:31	1	6538
2019-01-16 19:10:31	0	6541
2019-01-16 19:10:31	0	6542
2019-01-16 19:10:31	1	6543
2019-01-16 19:10:31	0	6544
2019-01-16 19:10:31	1	6545
2019-01-16 19:10:31	0	6554
2019-01-16 19:10:31	1	6555
2019-01-16 19:10:31	1	6556
2019-01-16 19:10:31	1	6558
2019-01-16 19:10:31	1	6568
2019-01-16 19:10:31	1	6569
2019-01-16 19:10:31	1	6570
2019-01-16 19:10:31	1	6571
2019-01-16 19:10:31	1	6573
2019-01-16 19:10:31	1	6576
2019-01-16 19:10:31	0	6580
2019-01-16 19:10:31	0	6581
2019-01-16 19:10:31	1	6582
2019-01-16 19:10:31	0	6583
2019-01-16 19:10:31	0	6584
2019-01-16 19:10:31	1	6585
2019-01-16 19:10:31	0	6586
2019-01-16 19:10:31	1	6587
2019-01-16 19:10:31	1	6588
2019-01-16 19:10:31	0	6589
2019-01-16 19:10:31	1	6590
2019-01-16 19:10:31	1	6603
2019-01-16 19:10:31	1	6604
2019-01-16 19:10:31	1	6605
2019-01-16 19:10:31	1	6606
2019-01-16 19:10:31	1	6607
2019-01-16 19:10:31	0	6608
2019-01-16 19:10:31	1	6609
2019-01-16 19:10:31	1	6610
2019-01-16 19:10:31	1	6611
2019-01-16 19:10:31	1	6612
2019-01-16 19:10:31	1	6613
2019-01-16 19:10:31	1	6614
2019-01-16 19:10:31	1	6615
2019-01-16 19:10:31	0	6616
2019-01-16 19:10:31	1	6617
2019-01-16 19:10:31	1	6618
2019-01-16 19:10:31	1	6619
2019-01-16 19:10:31	1	6620
2019-01-16 19:10:31	1	6621
2019-01-16 19:10:31	1	6622
2019-01-16 19:10:31	1	6623
2019-01-16 19:10:31	0	6625
2019-01-16 19:10:31	1	6626
2019-01-16 19:10:31	0	6627
2019-01-16 19:10:31	1	6629
2019-01-16 19:10:31	0	6630
2019-01-16 19:10:31	0	6631
2019-01-16 19:10:31	0	6632
2019-01-16 19:10:31	1	6633
2019-01-16 19:10:31	1	6634
2019-01-16 19:10:31	1	6635
2019-01-16 19:10:31	0	6638
2019-01-16 19:10:31	0	6639
2019-01-16 19:10:31	1	6640
2019-01-16 19:10:31	1	6641
2019-01-16 19:10:31	1	6642
2019-01-16 19:10:31	0	6643
2019-01-16 19:10:31	1	6644
2019-01-16 19:10:31	1	6645
2019-01-16 19:10:31	0	6646
2019-01-16 19:10:31	1	6647
2019-01-16 19:10:31	1	6648
2019-01-16 19:10:31	1	6649
2019-01-16 19:10:31	1	6650
2019-01-16 19:10:31	0	6652
2019-01-16 19:10:31	0	6655
2019-01-16 19:10:31	0	6656
2019-01-16 19:10:31	1	6657
2019-01-16 19:10:31	1	6659
2019-01-16 19:10:31	0	6660
2019-01-16 19:10:31	1	6661
2019-01-16 19:10:31	0	6662
2019-01-16 19:10:31	1	6664
2019-01-16 19:10:31	1	6665
2019-01-16 19:10:31	1	6666
2019-01-16 19:10:31	1	6667
2019-01-16 19:10:31	1	6668
2019-01-16 19:10:31	1	6669
2019-01-16 19:10:31	1	6675
2019-01-16 19:10:31	1	6676
2019-01-16 19:10:31	1	6677
2019-01-16 19:10:31	1	6678
2019-01-16 19:10:31	1	6679
2019-01-16 19:10:31	1	6680
2019-01-16 19:10:31	1	6695
2019-01-16 19:10:31	0	6699
2019-01-16 19:10:31	0	6700
2019-01-16 19:10:31	1	6701
2019-01-16 19:10:31	0	6702
2019-01-16 19:10:31	0	6703
2019-01-16 19:10:31	1	6706
2019-01-16 19:10:31	1	6707
2019-01-16 19:10:31	1	6708
2019-01-16 19:10:31	1	6709
2019-01-16 19:10:31	1	6710
2019-01-16 19:10:31	0	6718
2019-01-16 19:10:31	1	6719
2019-01-16 19:10:31	1	6720
2019-01-16 19:10:31	1	6722
2019-01-16 19:10:31	0	6723
2019-01-16 19:10:31	1	6724
2019-01-16 19:10:31	1	6744
2019-01-16 19:10:31	1	6745
2019-01-16 19:10:31	1	6746
2019-01-16 19:10:31	1	6747
2019-01-16 19:10:31	0	6748
2019-01-16 19:10:31	1	6749
2019-01-16 19:10:31	1	6750
2019-01-16 19:10:31	1	6751
2019-01-16 19:10:31	0	6753
2019-01-16 19:10:31	1	6754
2019-01-16 19:10:31	1	6755
2019-01-16 19:10:31	0	6756
2019-01-16 19:10:31	0	6757
2019-01-16 19:10:31	0	6758
2019-01-16 19:10:31	0	6759
2019-01-16 19:10:31	1	6760
2019-01-16 19:10:31	1	6761
2019-01-16 19:10:31	1	6820
2019-01-16 19:10:31	1	6821
2019-01-16 19:10:31	1	6823
2019-01-16 19:10:31	1	6824
2019-01-16 19:10:31	0	6825
2019-01-16 19:10:31	0	6826
2019-01-16 19:10:31	1	6828
2019-01-16 19:10:31	1	6829
2019-01-16 19:10:31	1	6830
2019-01-16 19:10:31	1	6831
2019-01-16 19:10:31	1	6832
2019-01-16 19:10:31	1	6833
2019-01-16 19:10:31	1	6834
2019-01-16 19:10:31	0	6835
2019-01-16 19:10:31	0	6836
2019-01-16 19:10:31	1	6837
2019-01-16 19:10:31	1	6838
2019-01-16 19:10:31	1	6839
2019-01-16 19:10:31	0	6840
2019-01-16 19:10:31	1	6841
2019-01-16 19:10:31	1	6842
2019-01-16 19:10:31	1	6844
2019-01-16 19:10:31	1	6845
2019-01-16 19:10:31	1	6846
2019-01-16 19:10:31	1	6847
2019-01-16 19:10:31	1	6849
2019-01-16 19:10:31	0	6850
2019-01-16 19:10:31	0	6854
2019-01-16 19:10:31	0	6855
2019-01-16 19:10:31	0	6856
2019-01-16 19:10:31	0	6859
2019-01-16 19:10:31	1	6860
2019-01-16 19:10:31	1	6861
2019-01-16 19:10:31	0	6862
2019-01-16 19:10:31	0	6863
2019-01-16 19:10:31	0	6864
2019-01-16 19:10:31	0	6865
2019-01-16 19:10:31	0	6866
2019-01-16 19:10:31	0	6867
2019-01-16 19:10:31	0	6868
2019-01-16 19:10:31	0	6869
2019-01-16 19:10:31	1	6870
2019-01-16 19:10:31	0	6871
2019-01-16 19:10:31	0	6872
2019-01-16 19:10:31	0	6873
2019-01-16 19:10:31	0	6874
2019-01-16 19:10:31	0	6875
2019-01-16 19:10:31	0	6876
2019-01-16 19:10:31	0	6877
2019-01-16 19:10:31	0	6878
2019-01-16 19:10:31	1	6879
2019-01-16 19:10:31	1	6882
2019-01-16 19:10:31	1	6883
2019-01-16 19:10:31	0	6884
2019-01-16 19:10:31	0	6885
2019-01-16 19:10:31	1	6886
2019-01-16 19:10:31	0	6887
2019-01-16 19:10:31	0	6888
2019-01-16 19:10:31	0	6889
2019-01-16 19:10:31	0	6890
2019-01-16 19:10:31	0	6892
2019-01-16 19:10:31	0	6893
2019-01-16 19:10:31	0	6894
2019-01-16 19:10:31	0	6895
2019-01-16 19:10:31	0	6896
2019-01-16 19:10:31	0	6897
2019-01-16 19:10:31	1	6898
2019-01-16 19:10:31	0	6899
2019-01-16 19:10:31	0	6900
2019-01-16 19:10:31	0	6901
2019-01-16 19:10:31	0	6902
2019-01-16 19:10:31	0	6903
2019-01-16 19:10:31	0	6904
2019-01-16 19:10:31	0	6905
2019-01-16 19:10:31	0	6906
2019-01-16 19:10:31	1	6907
2019-01-16 19:10:31	1	6908
2019-01-16 19:10:31	0	6909
2019-01-16 19:10:31	1	6910
2019-01-16 19:10:31	0	6919
2019-01-16 19:10:31	1	6920
2019-01-16 19:10:31	1	6921
2019-01-16 19:10:31	1	6922
2019-01-16 19:10:31	1	6923
2019-01-16 19:10:31	0	7049
2019-01-16 19:10:31	1	7052
2019-01-16 19:10:31	0	7057
2019-01-16 19:10:31	1	7059
2019-01-16 19:10:31	0	7062
2019-01-16 19:10:31	0	7862
2019-01-16 19:10:31	0	7863
2019-01-16 19:10:31	1	7864
2019-01-16 19:10:31	1	7865
2019-01-16 19:10:31	1	7867
