Time	Occupied	bay_id
2019-01-16 12:32:16	1	567
2019-01-16 12:32:16	1	568
2019-01-16 12:32:16	0	569
2019-01-16 12:32:16	1	570
2019-01-16 12:32:16	0	571
2019-01-16 12:32:16	1	572
2019-01-16 12:32:16	1	573
2019-01-16 12:32:16	1	574
2019-01-16 12:32:16	1	575
2019-01-16 12:32:16	1	576
2019-01-16 12:32:16	1	577
2019-01-16 12:32:16	1	578
2019-01-16 12:32:16	1	579
2019-01-16 12:32:16	1	580
2019-01-16 12:32:16	1	581
2019-01-16 12:32:16	1	585
2019-01-16 12:32:16	1	586
2019-01-16 12:32:16	1	587
2019-01-16 12:32:16	1	588
2019-01-16 12:32:16	0	589
2019-01-16 12:32:16	1	590
2019-01-16 12:32:16	1	591
2019-01-16 12:32:16	1	592
2019-01-16 12:32:16	1	594
2019-01-16 12:32:16	0	595
2019-01-16 12:32:16	1	604
2019-01-16 12:32:16	1	605
2019-01-16 12:32:16	0	606
2019-01-16 12:32:16	0	607
2019-01-16 12:32:16	0	609
2019-01-16 12:32:16	1	610
2019-01-16 12:32:16	1	623
2019-01-16 12:32:16	1	624
2019-01-16 12:32:16	1	625
2019-01-16 12:32:16	1	626
2019-01-16 12:32:16	1	627
2019-01-16 12:32:16	0	628
2019-01-16 12:32:16	1	629
2019-01-16 12:32:16	1	630
2019-01-16 12:32:16	0	631
2019-01-16 12:32:16	1	632
2019-01-16 12:32:16	1	633
2019-01-16 12:32:16	1	634
2019-01-16 12:32:16	1	635
2019-01-16 12:32:16	1	637
2019-01-16 12:32:16	1	639
2019-01-16 12:32:16	1	640
2019-01-16 12:32:16	1	641
2019-01-16 12:32:16	0	643
2019-01-16 12:32:16	1	644
2019-01-16 12:32:16	0	645
2019-01-16 12:32:16	0	646
2019-01-16 12:32:16	0	649
2019-01-16 12:32:16	1	650
2019-01-16 12:32:16	1	652
2019-01-16 12:32:16	1	653
2019-01-16 12:32:16	1	654
2019-01-16 12:32:16	0	655
2019-01-16 12:32:16	1	656
2019-01-16 12:32:16	1	657
2019-01-16 12:32:16	1	658
2019-01-16 12:32:16	1	659
2019-01-16 12:32:16	1	660
2019-01-16 12:32:16	1	661
2019-01-16 12:32:16	1	662
2019-01-16 12:32:16	1	663
2019-01-16 12:32:16	0	673
2019-01-16 12:32:16	1	674
2019-01-16 12:32:16	1	675
2019-01-16 12:32:16	0	676
2019-01-16 12:32:16	1	677
2019-01-16 12:32:16	1	678
2019-01-16 12:32:16	0	679
2019-01-16 12:32:16	1	680
2019-01-16 12:32:16	1	681
2019-01-16 12:32:16	1	682
2019-01-16 12:32:16	1	683
2019-01-16 12:32:16	1	684
2019-01-16 12:32:16	1	685
2019-01-16 12:32:16	0	687
2019-01-16 12:32:16	1	688
2019-01-16 12:32:16	1	690
2019-01-16 12:32:16	1	696
2019-01-16 12:32:16	0	697
2019-01-16 12:32:16	1	698
2019-01-16 12:32:16	1	699
2019-01-16 12:32:16	0	701
2019-01-16 12:32:16	1	702
2019-01-16 12:32:16	1	703
2019-01-16 12:32:16	1	705
2019-01-16 12:32:16	1	706
2019-01-16 12:32:16	1	708
2019-01-16 12:32:16	0	710
2019-01-16 12:32:16	0	712
2019-01-16 12:32:16	0	713
2019-01-16 12:32:16	0	716
2019-01-16 12:32:16	0	718
2019-01-16 12:32:16	1	719
2019-01-16 12:32:16	1	720
2019-01-16 12:32:16	0	721
2019-01-16 12:32:16	0	722
2019-01-16 12:32:16	1	723
2019-01-16 12:32:16	1	724
2019-01-16 12:32:16	0	725
2019-01-16 12:32:16	0	726
2019-01-16 12:32:16	0	727
2019-01-16 12:32:16	1	728
2019-01-16 12:32:16	1	729
2019-01-16 12:32:16	1	730
2019-01-16 12:32:16	0	731
2019-01-16 12:32:16	0	733
2019-01-16 12:32:16	0	734
2019-01-16 12:32:16	0	737
2019-01-16 12:32:16	0	738
2019-01-16 12:32:16	0	739
2019-01-16 12:32:16	0	740
2019-01-16 12:32:16	1	741
2019-01-16 12:32:16	0	742
2019-01-16 12:32:16	1	743
2019-01-16 12:32:16	0	744
2019-01-16 12:32:16	1	745
2019-01-16 12:32:16	1	746
2019-01-16 12:32:16	1	747
2019-01-16 12:32:16	0	748
2019-01-16 12:32:16	1	749
2019-01-16 12:32:16	1	751
2019-01-16 12:32:16	1	752
2019-01-16 12:32:16	0	753
2019-01-16 12:32:16	1	754
2019-01-16 12:32:16	1	755
2019-01-16 12:32:16	1	756
2019-01-16 12:32:16	1	757
2019-01-16 12:32:16	1	758
2019-01-16 12:32:16	1	759
2019-01-16 12:32:16	1	760
2019-01-16 12:32:16	1	763
2019-01-16 12:32:16	1	764
2019-01-16 12:32:16	0	765
2019-01-16 12:32:16	1	766
2019-01-16 12:32:16	1	767
2019-01-16 12:32:16	1	769
2019-01-16 12:32:16	0	770
2019-01-16 12:32:16	0	771
2019-01-16 12:32:16	0	772
2019-01-16 12:32:16	1	773
2019-01-16 12:32:16	1	774
2019-01-16 12:32:16	1	775
2019-01-16 12:32:16	1	776
2019-01-16 12:32:16	1	790
2019-01-16 12:32:16	1	791
2019-01-16 12:32:16	1	792
2019-01-16 12:32:16	1	796
2019-01-16 12:32:16	1	797
2019-01-16 12:32:16	1	799
2019-01-16 12:32:16	1	800
2019-01-16 12:32:16	1	801
2019-01-16 12:32:16	1	802
2019-01-16 12:32:16	0	803
2019-01-16 12:32:16	1	804
2019-01-16 12:32:16	1	806
2019-01-16 12:32:16	0	807
2019-01-16 12:32:16	1	808
2019-01-16 12:32:16	1	809
2019-01-16 12:32:16	0	810
2019-01-16 12:32:16	0	811
2019-01-16 12:32:16	1	813
2019-01-16 12:32:16	0	815
2019-01-16 12:32:16	1	822
2019-01-16 12:32:16	1	823
2019-01-16 12:32:16	1	825
2019-01-16 12:32:16	1	826
2019-01-16 12:32:16	0	827
2019-01-16 12:32:16	0	828
2019-01-16 12:32:16	1	829
2019-01-16 12:32:16	0	830
2019-01-16 12:32:16	1	831
2019-01-16 12:32:16	1	833
2019-01-16 12:32:16	1	834
2019-01-16 12:32:16	1	835
2019-01-16 12:32:16	1	836
2019-01-16 12:32:16	1	840
2019-01-16 12:32:16	1	842
2019-01-16 12:32:16	1	843
2019-01-16 12:32:16	0	844
2019-01-16 12:32:16	1	845
2019-01-16 12:32:16	1	846
2019-01-16 12:32:16	1	847
2019-01-16 12:32:16	1	848
2019-01-16 12:32:16	0	850
2019-01-16 12:32:16	1	857
2019-01-16 12:32:16	1	858
2019-01-16 12:32:16	1	862
2019-01-16 12:32:16	1	864
2019-01-16 12:32:16	1	865
2019-01-16 12:32:16	1	867
2019-01-16 12:32:16	1	869
2019-01-16 12:32:16	1	870
2019-01-16 12:32:16	1	873
2019-01-16 12:32:16	1	874
2019-01-16 12:32:16	1	876
2019-01-16 12:32:16	0	877
2019-01-16 12:32:16	1	878
2019-01-16 12:32:16	1	881
2019-01-16 12:32:16	0	883
2019-01-16 12:32:16	1	884
2019-01-16 12:32:16	1	886
2019-01-16 12:32:16	1	887
2019-01-16 12:32:16	1	888
2019-01-16 12:32:16	0	911
2019-01-16 12:32:16	1	912
2019-01-16 12:32:16	1	913
2019-01-16 12:32:16	0	914
2019-01-16 12:32:16	1	916
2019-01-16 12:32:16	0	917
2019-01-16 12:32:16	1	918
2019-01-16 12:32:16	1	919
2019-01-16 12:32:16	1	927
2019-01-16 12:32:16	1	928
2019-01-16 12:32:16	0	929
2019-01-16 12:32:16	1	930
2019-01-16 12:32:16	1	932
2019-01-16 12:32:16	1	933
2019-01-16 12:32:16	0	934
2019-01-16 12:32:16	1	940
2019-01-16 12:32:16	1	941
2019-01-16 12:32:16	1	942
2019-01-16 12:32:16	1	943
2019-01-16 12:32:16	1	944
2019-01-16 12:32:16	1	945
2019-01-16 12:32:16	1	946
2019-01-16 12:32:16	1	947
2019-01-16 12:32:16	1	948
2019-01-16 12:32:16	1	949
2019-01-16 12:32:16	1	950
2019-01-16 12:32:16	1	951
2019-01-16 12:32:16	1	952
2019-01-16 12:32:16	1	953
2019-01-16 12:32:16	1	954
2019-01-16 12:32:16	1	956
2019-01-16 12:32:16	1	957
2019-01-16 12:32:16	1	958
2019-01-16 12:32:16	1	981
2019-01-16 12:32:16	1	982
2019-01-16 12:32:16	1	983
2019-01-16 12:32:16	0	984
2019-01-16 12:32:16	0	985
2019-01-16 12:32:16	0	1005
2019-01-16 12:32:16	1	1006
2019-01-16 12:32:16	1	1007
2019-01-16 12:32:16	1	1009
2019-01-16 12:32:16	0	1011
2019-01-16 12:32:16	0	1012
2019-01-16 12:32:16	0	1013
2019-01-16 12:32:16	1	1015
2019-01-16 12:32:16	1	1022
2019-01-16 12:32:16	1	1023
2019-01-16 12:32:16	1	1024
2019-01-16 12:32:16	1	1025
2019-01-16 12:32:16	1	1026
2019-01-16 12:32:16	1	1027
2019-01-16 12:32:16	0	1028
2019-01-16 12:32:16	0	1029
2019-01-16 12:32:16	0	1030
2019-01-16 12:32:16	1	1031
2019-01-16 12:32:16	1	1032
2019-01-16 12:32:16	1	1033
2019-01-16 12:32:16	1	1034
2019-01-16 12:32:16	0	1035
2019-01-16 12:32:16	1	1036
2019-01-16 12:32:16	0	1037
2019-01-16 12:32:16	0	1038
2019-01-16 12:32:16	0	1039
2019-01-16 12:32:16	0	1040
2019-01-16 12:32:16	0	1041
2019-01-16 12:32:16	0	1053
2019-01-16 12:32:16	1	1055
2019-01-16 12:32:16	0	1057
2019-01-16 12:32:16	0	1058
2019-01-16 12:32:16	0	1060
2019-01-16 12:32:16	1	1063
2019-01-16 12:32:16	1	1067
2019-01-16 12:32:16	0	1070
2019-01-16 12:32:16	1	1087
2019-01-16 12:32:16	1	1088
2019-01-16 12:32:16	1	1089
2019-01-16 12:32:16	1	1090
2019-01-16 12:32:16	0	1091
2019-01-16 12:32:16	1	1092
2019-01-16 12:32:16	1	1094
2019-01-16 12:32:16	1	1095
2019-01-16 12:32:16	1	1096
2019-01-16 12:32:16	1	1097
2019-01-16 12:32:16	1	1098
2019-01-16 12:32:16	1	1099
2019-01-16 12:32:16	0	1100
2019-01-16 12:32:16	1	1101
2019-01-16 12:32:16	1	1102
2019-01-16 12:32:16	1	1103
2019-01-16 12:32:16	1	1104
2019-01-16 12:32:16	0	1105
2019-01-16 12:32:16	0	1106
2019-01-16 12:32:16	1	1107
2019-01-16 12:32:16	1	1108
2019-01-16 12:32:16	1	1109
2019-01-16 12:32:16	0	1110
2019-01-16 12:32:16	1	1111
2019-01-16 12:32:16	1	1112
2019-01-16 12:32:16	1	1113
2019-01-16 12:32:16	1	1114
2019-01-16 12:32:16	0	1116
2019-01-16 12:32:16	1	1118
2019-01-16 12:32:16	1	1119
2019-01-16 12:32:16	1	1120
2019-01-16 12:32:16	1	1122
2019-01-16 12:32:16	1	1123
2019-01-16 12:32:16	1	1124
2019-01-16 12:32:16	1	1125
2019-01-16 12:32:16	1	1126
2019-01-16 12:32:16	1	1127
2019-01-16 12:32:16	1	1129
2019-01-16 12:32:16	1	1133
2019-01-16 12:32:16	1	1134
2019-01-16 12:32:16	0	1137
2019-01-16 12:32:16	1	1138
2019-01-16 12:32:16	1	1139
2019-01-16 12:32:16	1	1140
2019-01-16 12:32:16	1	1141
2019-01-16 12:32:16	0	1142
2019-01-16 12:32:16	1	1143
2019-01-16 12:32:16	1	1144
2019-01-16 12:32:16	1	1145
2019-01-16 12:32:16	0	1146
2019-01-16 12:32:16	0	1147
2019-01-16 12:32:16	1	1148
2019-01-16 12:32:16	1	1149
2019-01-16 12:32:16	1	1150
2019-01-16 12:32:16	1	1151
2019-01-16 12:32:16	1	1153
2019-01-16 12:32:16	1	1154
2019-01-16 12:32:16	0	1155
2019-01-16 12:32:16	1	1156
2019-01-16 12:32:16	1	1157
2019-01-16 12:32:16	0	1158
2019-01-16 12:32:16	1	1159
2019-01-16 12:32:16	1	1161
2019-01-16 12:32:16	1	1162
2019-01-16 12:32:16	1	1163
2019-01-16 12:32:16	1	1164
2019-01-16 12:32:16	1	1297
2019-01-16 12:32:16	1	1298
2019-01-16 12:32:16	0	1300
2019-01-16 12:32:16	1	1304
2019-01-16 12:32:16	1	1305
2019-01-16 12:32:16	0	1307
2019-01-16 12:32:16	1	1313
2019-01-16 12:32:16	0	1315
2019-01-16 12:32:16	0	1316
2019-01-16 12:32:16	0	1318
2019-01-16 12:32:16	0	1321
2019-01-16 12:32:16	0	1322
2019-01-16 12:32:16	0	1324
2019-01-16 12:32:16	0	1325
2019-01-16 12:32:16	0	1326
2019-01-16 12:32:16	0	1327
2019-01-16 12:32:16	0	1328
2019-01-16 12:32:16	0	1329
2019-01-16 12:32:16	0	1338
2019-01-16 12:32:16	1	1348
2019-01-16 12:32:16	1	1350
2019-01-16 12:32:16	1	1352
2019-01-16 12:32:16	0	1353
2019-01-16 12:32:16	0	1354
2019-01-16 12:32:16	1	1356
2019-01-16 12:32:16	1	1358
2019-01-16 12:32:16	0	1359
2019-01-16 12:32:16	1	1398
2019-01-16 12:32:16	1	1399
2019-01-16 12:32:16	1	1400
2019-01-16 12:32:16	1	1407
2019-01-16 12:32:16	0	1410
2019-01-16 12:32:16	1	1411
2019-01-16 12:32:16	0	1412
2019-01-16 12:32:16	1	1413
2019-01-16 12:32:16	0	1414
2019-01-16 12:32:16	0	1415
2019-01-16 12:32:16	0	1416
2019-01-16 12:32:16	0	1417
2019-01-16 12:32:16	1	1419
2019-01-16 12:32:16	0	1427
2019-01-16 12:32:16	0	1428
2019-01-16 12:32:16	0	1429
2019-01-16 12:32:16	1	1452
2019-01-16 12:32:16	1	1453
2019-01-16 12:32:16	1	1454
2019-01-16 12:32:16	1	1470
2019-01-16 12:32:16	1	1471
2019-01-16 12:32:16	1	1472
2019-01-16 12:32:16	1	1473
2019-01-16 12:32:16	1	1474
2019-01-16 12:32:16	1	1475
2019-01-16 12:32:16	1	1495
2019-01-16 12:32:16	1	1496
2019-01-16 12:32:16	0	1497
2019-01-16 12:32:16	1	1501
2019-01-16 12:32:16	0	1503
2019-01-16 12:32:16	1	1504
2019-01-16 12:32:16	1	1528
2019-01-16 12:32:16	1	1530
2019-01-16 12:32:16	1	1531
2019-01-16 12:32:16	1	1532
2019-01-16 12:32:16	0	1535
2019-01-16 12:32:16	1	1536
2019-01-16 12:32:16	1	1537
2019-01-16 12:32:16	1	1538
2019-01-16 12:32:16	1	1539
2019-01-16 12:32:16	1	1540
2019-01-16 12:32:16	1	1541
2019-01-16 12:32:16	1	1542
2019-01-16 12:32:16	0	1543
2019-01-16 12:32:16	0	1544
2019-01-16 12:32:16	1	1545
2019-01-16 12:32:16	0	1586
2019-01-16 12:32:16	1	1588
2019-01-16 12:32:16	1	1589
2019-01-16 12:32:16	0	1590
2019-01-16 12:32:16	1	1591
2019-01-16 12:32:16	1	1593
2019-01-16 12:32:16	0	1597
2019-01-16 12:32:16	0	1615
2019-01-16 12:32:16	0	1647
2019-01-16 12:32:16	1	1648
2019-01-16 12:32:16	1	1652
2019-01-16 12:32:16	1	1653
2019-01-16 12:32:16	0	1654
2019-01-16 12:32:16	1	1655
2019-01-16 12:32:16	1	1657
2019-01-16 12:32:16	1	1658
2019-01-16 12:32:16	1	1659
2019-01-16 12:32:16	0	1674
2019-01-16 12:32:16	1	1678
2019-01-16 12:32:16	1	1681
2019-01-16 12:32:16	1	1683
2019-01-16 12:32:16	1	1684
2019-01-16 12:32:16	0	1685
2019-01-16 12:32:16	0	1686
2019-01-16 12:32:16	1	1687
2019-01-16 12:32:16	0	1688
2019-01-16 12:32:16	0	1689
2019-01-16 12:32:16	1	1690
2019-01-16 12:32:16	1	1693
2019-01-16 12:32:16	1	1696
2019-01-16 12:32:16	1	1697
2019-01-16 12:32:16	1	1702
2019-01-16 12:32:16	1	1704
2019-01-16 12:32:16	1	1705
2019-01-16 12:32:16	0	1707
2019-01-16 12:32:16	0	1728
2019-01-16 12:32:16	1	1729
2019-01-16 12:32:16	1	1730
2019-01-16 12:32:16	1	1731
2019-01-16 12:32:16	1	1732
2019-01-16 12:32:16	1	1733
2019-01-16 12:32:16	1	1734
2019-01-16 12:32:16	1	1735
2019-01-16 12:32:16	1	1736
2019-01-16 12:32:16	1	1738
2019-01-16 12:32:16	1	1739
2019-01-16 12:32:16	0	1741
2019-01-16 12:32:16	1	1744
2019-01-16 12:32:16	1	1745
2019-01-16 12:32:16	1	1747
2019-01-16 12:32:16	1	1748
2019-01-16 12:32:16	0	1749
2019-01-16 12:32:16	1	1750
2019-01-16 12:32:16	1	1751
2019-01-16 12:32:16	1	1752
2019-01-16 12:32:16	1	1753
2019-01-16 12:32:16	1	1755
2019-01-16 12:32:16	1	1757
2019-01-16 12:32:16	0	1759
2019-01-16 12:32:16	0	1761
2019-01-16 12:32:16	0	1762
2019-01-16 12:32:16	1	1763
2019-01-16 12:32:16	1	1764
2019-01-16 12:32:16	1	1766
2019-01-16 12:32:16	0	1767
2019-01-16 12:32:16	1	1769
2019-01-16 12:32:16	1	1770
2019-01-16 12:32:16	1	1771
2019-01-16 12:32:16	1	1772
2019-01-16 12:32:16	1	1789
2019-01-16 12:32:16	0	1790
2019-01-16 12:32:16	1	1797
2019-01-16 12:32:16	0	1798
2019-01-16 12:32:16	0	1799
2019-01-16 12:32:16	0	1800
2019-01-16 12:32:16	1	1827
2019-01-16 12:32:16	1	1828
2019-01-16 12:32:16	0	1829
2019-01-16 12:32:16	1	1830
2019-01-16 12:32:16	0	1834
2019-01-16 12:32:16	0	1835
2019-01-16 12:32:16	0	1836
2019-01-16 12:32:16	0	1841
2019-01-16 12:32:16	1	1843
2019-01-16 12:32:16	1	1844
2019-01-16 12:32:16	1	1845
2019-01-16 12:32:16	1	1847
2019-01-16 12:32:16	1	1848
2019-01-16 12:32:16	1	1849
2019-01-16 12:32:16	0	1850
2019-01-16 12:32:16	0	1851
2019-01-16 12:32:16	1	1852
2019-01-16 12:32:16	1	1853
2019-01-16 12:32:16	0	1854
2019-01-16 12:32:16	1	1855
2019-01-16 12:32:16	1	1856
2019-01-16 12:32:16	1	1857
2019-01-16 12:32:16	1	1858
2019-01-16 12:32:16	1	1859
2019-01-16 12:32:16	0	1860
2019-01-16 12:32:16	1	1861
2019-01-16 12:32:16	1	1862
2019-01-16 12:32:16	1	1863
2019-01-16 12:32:16	1	1864
2019-01-16 12:32:16	1	1866
2019-01-16 12:32:16	1	1867
2019-01-16 12:32:16	0	1868
2019-01-16 12:32:16	1	1870
2019-01-16 12:32:16	1	1873
2019-01-16 12:32:16	0	1875
2019-01-16 12:32:16	1	1890
2019-01-16 12:32:16	1	1891
2019-01-16 12:32:16	1	1895
2019-01-16 12:32:16	1	1896
2019-01-16 12:32:16	1	1897
2019-01-16 12:32:16	1	1899
2019-01-16 12:32:16	1	1900
2019-01-16 12:32:16	1	1901
2019-01-16 12:32:16	1	1919
2019-01-16 12:32:16	1	1920
2019-01-16 12:32:16	1	1922
2019-01-16 12:32:16	0	1951
2019-01-16 12:32:16	1	1952
2019-01-16 12:32:16	0	1954
2019-01-16 12:32:16	1	1955
2019-01-16 12:32:16	1	1956
2019-01-16 12:32:16	1	1957
2019-01-16 12:32:16	0	1958
2019-01-16 12:32:16	1	1959
2019-01-16 12:32:16	1	1961
2019-01-16 12:32:16	1	1964
2019-01-16 12:32:16	0	1965
2019-01-16 12:32:16	1	1966
2019-01-16 12:32:16	0	1967
2019-01-16 12:32:16	1	1978
2019-01-16 12:32:16	1	1979
2019-01-16 12:32:16	0	1980
2019-01-16 12:32:16	0	1981
2019-01-16 12:32:16	1	1983
2019-01-16 12:32:16	0	1984
2019-01-16 12:32:16	0	1988
2019-01-16 12:32:16	0	1990
2019-01-16 12:32:16	1	1992
2019-01-16 12:32:16	1	1994
2019-01-16 12:32:16	0	2005
2019-01-16 12:32:16	0	2006
2019-01-16 12:32:16	1	2016
2019-01-16 12:32:16	1	2018
2019-01-16 12:32:16	0	2019
2019-01-16 12:32:16	0	2020
2019-01-16 12:32:16	0	2022
2019-01-16 12:32:16	1	2023
2019-01-16 12:32:16	1	2024
2019-01-16 12:32:16	1	2025
2019-01-16 12:32:16	0	2026
2019-01-16 12:32:16	1	2027
2019-01-16 12:32:16	1	2029
2019-01-16 12:32:16	1	2030
2019-01-16 12:32:16	1	2031
2019-01-16 12:32:16	1	2032
2019-01-16 12:32:16	0	2033
2019-01-16 12:32:16	1	2034
2019-01-16 12:32:16	0	2035
2019-01-16 12:32:16	1	2036
2019-01-16 12:32:16	0	2037
2019-01-16 12:32:16	0	2038
2019-01-16 12:32:16	0	2040
2019-01-16 12:32:16	0	2041
2019-01-16 12:32:16	0	2043
2019-01-16 12:32:16	0	2097
2019-01-16 12:32:16	0	2098
2019-01-16 12:32:16	1	2099
2019-01-16 12:32:16	1	2100
2019-01-16 12:32:16	1	2101
2019-01-16 12:32:16	1	2130
2019-01-16 12:32:16	1	2143
2019-01-16 12:32:16	1	2145
2019-01-16 12:32:16	1	2146
2019-01-16 12:32:16	0	2153
2019-01-16 12:32:16	1	2154
2019-01-16 12:32:16	1	2158
2019-01-16 12:32:16	0	2159
2019-01-16 12:32:16	0	2170
2019-01-16 12:32:16	1	2172
2019-01-16 12:32:16	0	2174
2019-01-16 12:32:16	0	2188
2019-01-16 12:32:16	1	2189
2019-01-16 12:32:16	1	2190
2019-01-16 12:32:16	0	2191
2019-01-16 12:32:16	0	2192
2019-01-16 12:32:16	1	2194
2019-01-16 12:32:16	0	2195
2019-01-16 12:32:16	0	2196
2019-01-16 12:32:16	1	2197
2019-01-16 12:32:16	0	2199
2019-01-16 12:32:16	1	2201
2019-01-16 12:32:16	0	2204
2019-01-16 12:32:16	0	2229
2019-01-16 12:32:16	1	2232
2019-01-16 12:32:16	1	2287
2019-01-16 12:32:16	1	2288
2019-01-16 12:32:16	1	2289
2019-01-16 12:32:16	1	2290
2019-01-16 12:32:16	1	2292
2019-01-16 12:32:16	1	2293
2019-01-16 12:32:16	1	2294
2019-01-16 12:32:16	0	2297
2019-01-16 12:32:16	1	2299
2019-01-16 12:32:16	0	2300
2019-01-16 12:32:16	1	2301
2019-01-16 12:32:16	1	2302
2019-01-16 12:32:16	1	2305
2019-01-16 12:32:16	0	2306
2019-01-16 12:32:16	1	2307
2019-01-16 12:32:16	1	2308
2019-01-16 12:32:16	0	2310
2019-01-16 12:32:16	1	2311
2019-01-16 12:32:16	1	2312
2019-01-16 12:32:16	1	2313
2019-01-16 12:32:16	1	2314
2019-01-16 12:32:16	1	2315
2019-01-16 12:32:16	0	2316
2019-01-16 12:32:16	0	2318
2019-01-16 12:32:16	0	2321
2019-01-16 12:32:16	0	2322
2019-01-16 12:32:16	1	2323
2019-01-16 12:32:16	1	2324
2019-01-16 12:32:16	1	2325
2019-01-16 12:32:16	1	2326
2019-01-16 12:32:16	0	2327
2019-01-16 12:32:16	1	2328
2019-01-16 12:32:16	1	2340
2019-01-16 12:32:16	0	2363
2019-01-16 12:32:16	0	2364
2019-01-16 12:32:16	0	2365
2019-01-16 12:32:16	0	2366
2019-01-16 12:32:16	0	2367
2019-01-16 12:32:16	0	2368
2019-01-16 12:32:16	0	2369
2019-01-16 12:32:16	0	2370
2019-01-16 12:32:16	0	2371
2019-01-16 12:32:16	0	2372
2019-01-16 12:32:16	0	2373
2019-01-16 12:32:16	1	2374
2019-01-16 12:32:16	0	2378
2019-01-16 12:32:16	0	2408
2019-01-16 12:32:16	1	2409
2019-01-16 12:32:16	1	2410
2019-01-16 12:32:16	0	2411
2019-01-16 12:32:16	0	2412
2019-01-16 12:32:16	0	2413
2019-01-16 12:32:16	0	2414
2019-01-16 12:32:16	0	2415
2019-01-16 12:32:16	0	2417
2019-01-16 12:32:16	1	2418
2019-01-16 12:32:16	1	2419
2019-01-16 12:32:16	0	2420
2019-01-16 12:32:16	1	2421
2019-01-16 12:32:16	1	2422
2019-01-16 12:32:16	1	2447
2019-01-16 12:32:16	0	2448
2019-01-16 12:32:16	1	2449
2019-01-16 12:32:16	0	2450
2019-01-16 12:32:16	0	2451
2019-01-16 12:32:16	1	2452
2019-01-16 12:32:16	0	2454
2019-01-16 12:32:16	1	2456
2019-01-16 12:32:16	1	2457
2019-01-16 12:32:16	1	2458
2019-01-16 12:32:16	0	2459
2019-01-16 12:32:16	1	2460
2019-01-16 12:32:16	1	2473
2019-01-16 12:32:16	1	2480
2019-01-16 12:32:16	1	2481
2019-01-16 12:32:16	1	2483
2019-01-16 12:32:16	1	2484
2019-01-16 12:32:16	1	2490
2019-01-16 12:32:16	1	2491
2019-01-16 12:32:16	1	2492
2019-01-16 12:32:16	1	2493
2019-01-16 12:32:16	1	2494
2019-01-16 12:32:16	0	2495
2019-01-16 12:32:16	1	2496
2019-01-16 12:32:16	1	2497
2019-01-16 12:32:16	1	2499
2019-01-16 12:32:16	1	2501
2019-01-16 12:32:16	1	2504
2019-01-16 12:32:16	1	2506
2019-01-16 12:32:16	1	2510
2019-01-16 12:32:16	0	2512
2019-01-16 12:32:16	0	2514
2019-01-16 12:32:16	0	2518
2019-01-16 12:32:16	1	2559
2019-01-16 12:32:16	0	2563
2019-01-16 12:32:16	1	2564
2019-01-16 12:32:16	0	2567
2019-01-16 12:32:16	0	2569
2019-01-16 12:32:16	0	2570
2019-01-16 12:32:16	0	2572
2019-01-16 12:32:16	0	2573
2019-01-16 12:32:16	0	2582
2019-01-16 12:32:16	1	2583
2019-01-16 12:32:16	1	2585
2019-01-16 12:32:16	1	2586
2019-01-16 12:32:16	0	2589
2019-01-16 12:32:16	1	2627
2019-01-16 12:32:16	1	2630
2019-01-16 12:32:16	1	2631
2019-01-16 12:32:16	1	2632
2019-01-16 12:32:16	1	2633
2019-01-16 12:32:16	0	2637
2019-01-16 12:32:16	1	2639
2019-01-16 12:32:16	1	2641
2019-01-16 12:32:16	1	2642
2019-01-16 12:32:16	1	2643
2019-01-16 12:32:16	0	2644
2019-01-16 12:32:16	1	2646
2019-01-16 12:32:16	1	2647
2019-01-16 12:32:16	0	2648
2019-01-16 12:32:16	0	2649
2019-01-16 12:32:16	0	2657
2019-01-16 12:32:16	0	2662
2019-01-16 12:32:16	1	2664
2019-01-16 12:32:16	0	2665
2019-01-16 12:32:16	0	2667
2019-01-16 12:32:16	0	2670
2019-01-16 12:32:16	1	2672
2019-01-16 12:32:16	0	2673
2019-01-16 12:32:16	0	2674
2019-01-16 12:32:16	0	2675
2019-01-16 12:32:16	0	2677
2019-01-16 12:32:16	1	2679
2019-01-16 12:32:16	1	2684
2019-01-16 12:32:16	1	2686
2019-01-16 12:32:16	0	2688
2019-01-16 12:32:16	1	2690
2019-01-16 12:32:16	1	2691
2019-01-16 12:32:16	1	2694
2019-01-16 12:32:16	1	2696
2019-01-16 12:32:16	1	2698
2019-01-16 12:32:16	1	2700
2019-01-16 12:32:16	0	2706
2019-01-16 12:32:16	0	2726
2019-01-16 12:32:16	0	2727
2019-01-16 12:32:16	1	2732
2019-01-16 12:32:16	0	2734
2019-01-16 12:32:16	0	2735
2019-01-16 12:32:16	0	2738
2019-01-16 12:32:16	1	2745
2019-01-16 12:32:16	1	2747
2019-01-16 12:32:16	1	2748
2019-01-16 12:32:16	1	2749
2019-01-16 12:32:16	1	2750
2019-01-16 12:32:16	0	2751
2019-01-16 12:32:16	1	2753
2019-01-16 12:32:16	0	2754
2019-01-16 12:32:16	1	2887
2019-01-16 12:32:16	1	2888
2019-01-16 12:32:16	0	2889
2019-01-16 12:32:16	1	2890
2019-01-16 12:32:16	0	2891
2019-01-16 12:32:16	1	2892
2019-01-16 12:32:16	0	2893
2019-01-16 12:32:16	0	3000
2019-01-16 12:32:16	0	3001
2019-01-16 12:32:16	1	3002
2019-01-16 12:32:16	0	3004
2019-01-16 12:32:16	0	3005
2019-01-16 12:32:16	0	3006
2019-01-16 12:32:16	0	3007
2019-01-16 12:32:16	0	3008
2019-01-16 12:32:16	0	3009
2019-01-16 12:32:16	0	3010
2019-01-16 12:32:16	0	3011
2019-01-16 12:32:16	0	3012
2019-01-16 12:32:16	0	3013
2019-01-16 12:32:16	0	3014
2019-01-16 12:32:16	0	3015
2019-01-16 12:32:16	0	3016
2019-01-16 12:32:16	0	3018
2019-01-16 12:32:16	0	3019
2019-01-16 12:32:16	1	3020
2019-01-16 12:32:16	1	3023
2019-01-16 12:32:16	0	3025
2019-01-16 12:32:16	1	3027
2019-01-16 12:32:16	1	3028
2019-01-16 12:32:16	1	3030
2019-01-16 12:32:16	0	3031
2019-01-16 12:32:16	1	3032
2019-01-16 12:32:16	0	3033
2019-01-16 12:32:16	1	3034
2019-01-16 12:32:16	1	3037
2019-01-16 12:32:16	0	3038
2019-01-16 12:32:16	1	3039
2019-01-16 12:32:16	0	3040
2019-01-16 12:32:16	1	3041
2019-01-16 12:32:16	0	3044
2019-01-16 12:32:16	1	3045
2019-01-16 12:32:16	0	3046
2019-01-16 12:32:16	1	3047
2019-01-16 12:32:16	0	3048
2019-01-16 12:32:16	1	3049
2019-01-16 12:32:16	1	3050
2019-01-16 12:32:16	1	3051
2019-01-16 12:32:16	0	3058
2019-01-16 12:32:16	1	3059
2019-01-16 12:32:16	1	3060
2019-01-16 12:32:16	0	3062
2019-01-16 12:32:16	1	3063
2019-01-16 12:32:16	1	3064
2019-01-16 12:32:16	1	3065
2019-01-16 12:32:16	0	3066
2019-01-16 12:32:16	1	3067
2019-01-16 12:32:16	0	3076
2019-01-16 12:32:16	0	3081
2019-01-16 12:32:16	1	3085
2019-01-16 12:32:16	0	3086
2019-01-16 12:32:16	1	3087
2019-01-16 12:32:16	0	3089
2019-01-16 12:32:16	1	3090
2019-01-16 12:32:16	0	3091
2019-01-16 12:32:16	0	3092
2019-01-16 12:32:16	1	3095
2019-01-16 12:32:16	1	3096
2019-01-16 12:32:16	0	3098
2019-01-16 12:32:16	1	3100
2019-01-16 12:32:16	0	3102
2019-01-16 12:32:16	1	3103
2019-01-16 12:32:16	1	3104
2019-01-16 12:32:16	0	3107
2019-01-16 12:32:16	0	3108
2019-01-16 12:32:16	0	3109
2019-01-16 12:32:16	1	3110
2019-01-16 12:32:16	1	3111
2019-01-16 12:32:16	0	3112
2019-01-16 12:32:16	0	3113
2019-01-16 12:32:16	1	3114
2019-01-16 12:32:16	1	3115
2019-01-16 12:32:16	1	3116
2019-01-16 12:32:16	1	3117
2019-01-16 12:32:16	1	3118
2019-01-16 12:32:16	1	3119
2019-01-16 12:32:16	1	3121
2019-01-16 12:32:16	0	3122
2019-01-16 12:32:16	1	3123
2019-01-16 12:32:16	0	3124
2019-01-16 12:32:16	1	3125
2019-01-16 12:32:16	1	3133
2019-01-16 12:32:16	1	3135
2019-01-16 12:32:16	0	3136
2019-01-16 12:32:16	1	3138
2019-01-16 12:32:16	1	3139
2019-01-16 12:32:16	1	3140
2019-01-16 12:32:16	1	3143
2019-01-16 12:32:16	1	3144
2019-01-16 12:32:16	1	3146
2019-01-16 12:32:16	1	3147
2019-01-16 12:32:16	1	3148
2019-01-16 12:32:16	0	3149
2019-01-16 12:32:16	0	3150
2019-01-16 12:32:16	1	3151
2019-01-16 12:32:16	0	3156
2019-01-16 12:32:16	1	3157
2019-01-16 12:32:16	0	3161
2019-01-16 12:32:16	0	3171
2019-01-16 12:32:16	0	3175
2019-01-16 12:32:16	0	3176
2019-01-16 12:32:16	0	3177
2019-01-16 12:32:16	0	3181
2019-01-16 12:32:16	0	3182
2019-01-16 12:32:16	0	3364
2019-01-16 12:32:16	1	3365
2019-01-16 12:32:16	1	3366
2019-01-16 12:32:16	1	3367
2019-01-16 12:32:16	1	3368
2019-01-16 12:32:16	0	3387
2019-01-16 12:32:16	1	3389
2019-01-16 12:32:16	0	3401
2019-01-16 12:32:16	1	3403
2019-01-16 12:32:16	0	3404
2019-01-16 12:32:16	0	3405
2019-01-16 12:32:16	1	3408
2019-01-16 12:32:16	1	3410
2019-01-16 12:32:16	1	3414
2019-01-16 12:32:16	1	3416
2019-01-16 12:32:16	1	3418
2019-01-16 12:32:16	0	3604
2019-01-16 12:32:16	0	3606
2019-01-16 12:32:16	1	3617
2019-01-16 12:32:16	1	3618
2019-01-16 12:32:16	0	3619
2019-01-16 12:32:16	0	3623
2019-01-16 12:32:16	1	3626
2019-01-16 12:32:16	1	3633
2019-01-16 12:32:16	0	3637
2019-01-16 12:32:16	0	3642
2019-01-16 12:32:16	1	3661
2019-01-16 12:32:16	1	3665
2019-01-16 12:32:16	1	3671
2019-01-16 12:32:16	1	3673
2019-01-16 12:32:16	0	3676
2019-01-16 12:32:16	0	3678
2019-01-16 12:32:16	0	3682
2019-01-16 12:32:16	1	3684
2019-01-16 12:32:16	0	3688
2019-01-16 12:32:16	1	3690
2019-01-16 12:32:16	0	3694
2019-01-16 12:32:16	1	3696
2019-01-16 12:32:16	0	3699
2019-01-16 12:32:16	1	3700
2019-01-16 12:32:16	0	3701
2019-01-16 12:32:16	0	3702
2019-01-16 12:32:16	1	3703
2019-01-16 12:32:16	1	3704
2019-01-16 12:32:16	0	3705
2019-01-16 12:32:16	0	3706
2019-01-16 12:32:16	1	3707
2019-01-16 12:32:16	0	3708
2019-01-16 12:32:16	1	3709
2019-01-16 12:32:16	1	3710
2019-01-16 12:32:16	1	3711
2019-01-16 12:32:16	0	3713
2019-01-16 12:32:16	0	3717
2019-01-16 12:32:16	1	3719
2019-01-16 12:32:16	0	3720
2019-01-16 12:32:16	1	3721
2019-01-16 12:32:16	1	3722
2019-01-16 12:32:16	0	3723
2019-01-16 12:32:16	0	3724
2019-01-16 12:32:16	1	3725
2019-01-16 12:32:16	0	3727
2019-01-16 12:32:16	0	3730
2019-01-16 12:32:16	0	3758
2019-01-16 12:32:16	1	3759
2019-01-16 12:32:16	0	3760
2019-01-16 12:32:16	1	3895
2019-01-16 12:32:16	1	3896
2019-01-16 12:32:16	1	3897
2019-01-16 12:32:16	1	3898
2019-01-16 12:32:16	1	3899
2019-01-16 12:32:16	1	3900
2019-01-16 12:32:16	0	3906
2019-01-16 12:32:16	1	3907
2019-01-16 12:32:16	1	3908
2019-01-16 12:32:16	1	3909
2019-01-16 12:32:16	1	3910
2019-01-16 12:32:16	1	3911
2019-01-16 12:32:16	1	3912
2019-01-16 12:32:16	1	3914
2019-01-16 12:32:16	0	3915
2019-01-16 12:32:16	1	3917
2019-01-16 12:32:16	0	3919
2019-01-16 12:32:16	1	3921
2019-01-16 12:32:16	1	3922
2019-01-16 12:32:16	1	3923
2019-01-16 12:32:16	1	3924
2019-01-16 12:32:16	1	3925
2019-01-16 12:32:16	1	3926
2019-01-16 12:32:16	0	3928
2019-01-16 12:32:16	0	3929
2019-01-16 12:32:16	1	3930
2019-01-16 12:32:16	1	3931
2019-01-16 12:32:16	0	3932
2019-01-16 12:32:16	0	3933
2019-01-16 12:32:16	0	3934
2019-01-16 12:32:16	0	3935
2019-01-16 12:32:16	1	3936
2019-01-16 12:32:16	0	3937
2019-01-16 12:32:16	0	3938
2019-01-16 12:32:16	0	3939
2019-01-16 12:32:16	0	3940
2019-01-16 12:32:16	1	3941
2019-01-16 12:32:16	0	3942
2019-01-16 12:32:16	1	3943
2019-01-16 12:32:16	1	3944
2019-01-16 12:32:16	1	3945
2019-01-16 12:32:16	1	3947
2019-01-16 12:32:16	1	3950
2019-01-16 12:32:16	0	3951
2019-01-16 12:32:16	1	3952
2019-01-16 12:32:16	0	3954
2019-01-16 12:32:16	0	3956
2019-01-16 12:32:16	1	3959
2019-01-16 12:32:16	0	3960
2019-01-16 12:32:16	0	3961
2019-01-16 12:32:16	1	3966
2019-01-16 12:32:16	1	3968
2019-01-16 12:32:16	1	3969
2019-01-16 12:32:16	0	3970
2019-01-16 12:32:16	1	3974
2019-01-16 12:32:16	1	3975
2019-01-16 12:32:16	1	3976
2019-01-16 12:32:16	1	3977
2019-01-16 12:32:16	1	3978
2019-01-16 12:32:16	1	3979
2019-01-16 12:32:16	1	3981
2019-01-16 12:32:16	0	3982
2019-01-16 12:32:16	1	3983
2019-01-16 12:32:16	1	3984
2019-01-16 12:32:16	1	3986
2019-01-16 12:32:16	1	3987
2019-01-16 12:32:16	1	3988
2019-01-16 12:32:16	1	3989
2019-01-16 12:32:16	1	3992
2019-01-16 12:32:16	1	3993
2019-01-16 12:32:16	1	3994
2019-01-16 12:32:16	1	3995
2019-01-16 12:32:16	1	3996
2019-01-16 12:32:16	1	3997
2019-01-16 12:32:16	0	3998
2019-01-16 12:32:16	0	3999
2019-01-16 12:32:16	1	4017
2019-01-16 12:32:16	1	4018
2019-01-16 12:32:16	0	4019
2019-01-16 12:32:16	0	4020
2019-01-16 12:32:16	0	4021
2019-01-16 12:32:16	1	4023
2019-01-16 12:32:16	1	4025
2019-01-16 12:32:16	1	4027
2019-01-16 12:32:16	1	4029
2019-01-16 12:32:16	0	4030
2019-01-16 12:32:16	1	4031
2019-01-16 12:32:16	1	4032
2019-01-16 12:32:16	1	4033
2019-01-16 12:32:16	0	4035
2019-01-16 12:32:16	1	4036
2019-01-16 12:32:16	0	4037
2019-01-16 12:32:16	0	4038
2019-01-16 12:32:16	0	4039
2019-01-16 12:32:16	0	4040
2019-01-16 12:32:16	0	4041
2019-01-16 12:32:16	0	4042
2019-01-16 12:32:16	0	4043
2019-01-16 12:32:16	0	4046
2019-01-16 12:32:16	0	4047
2019-01-16 12:32:16	0	4048
2019-01-16 12:32:16	0	4049
2019-01-16 12:32:16	0	4050
2019-01-16 12:32:16	1	4051
2019-01-16 12:32:16	0	4052
2019-01-16 12:32:16	0	4053
2019-01-16 12:32:16	0	4054
2019-01-16 12:32:16	0	4055
2019-01-16 12:32:16	0	4057
2019-01-16 12:32:16	0	4058
2019-01-16 12:32:16	0	4059
2019-01-16 12:32:16	0	4060
2019-01-16 12:32:16	0	4061
2019-01-16 12:32:16	0	4062
2019-01-16 12:32:16	0	4063
2019-01-16 12:32:16	1	4064
2019-01-16 12:32:16	1	4066
2019-01-16 12:32:16	1	4067
2019-01-16 12:32:16	0	4068
2019-01-16 12:32:16	1	4069
2019-01-16 12:32:16	1	4070
2019-01-16 12:32:16	1	4071
2019-01-16 12:32:16	0	4083
2019-01-16 12:32:16	1	4084
2019-01-16 12:32:16	1	4085
2019-01-16 12:32:16	1	4086
2019-01-16 12:32:16	0	4087
2019-01-16 12:32:16	1	4088
2019-01-16 12:32:16	1	4090
2019-01-16 12:32:16	1	4091
2019-01-16 12:32:16	1	4101
2019-01-16 12:32:16	1	4104
2019-01-16 12:32:16	0	4105
2019-01-16 12:32:16	1	4106
2019-01-16 12:32:16	1	4109
2019-01-16 12:32:16	0	4110
2019-01-16 12:32:16	1	4111
2019-01-16 12:32:16	1	4112
2019-01-16 12:32:16	1	4116
2019-01-16 12:32:16	1	4117
2019-01-16 12:32:16	1	4118
2019-01-16 12:32:16	1	4119
2019-01-16 12:32:16	1	4120
2019-01-16 12:32:16	1	4121
2019-01-16 12:32:16	1	4122
2019-01-16 12:32:16	1	4123
2019-01-16 12:32:16	1	4125
2019-01-16 12:32:16	1	4126
2019-01-16 12:32:16	1	4128
2019-01-16 12:32:16	1	4129
2019-01-16 12:32:16	1	4130
2019-01-16 12:32:16	1	4131
2019-01-16 12:32:16	1	4421
2019-01-16 12:32:16	1	4423
2019-01-16 12:32:16	1	4424
2019-01-16 12:32:16	0	4426
2019-01-16 12:32:16	1	4427
2019-01-16 12:32:16	0	4428
2019-01-16 12:32:16	1	4429
2019-01-16 12:32:16	1	4431
2019-01-16 12:32:16	1	4432
2019-01-16 12:32:16	1	4433
2019-01-16 12:32:16	1	4434
2019-01-16 12:32:16	1	4435
2019-01-16 12:32:16	1	4436
2019-01-16 12:32:16	1	4437
2019-01-16 12:32:16	1	4438
2019-01-16 12:32:16	1	4439
2019-01-16 12:32:16	1	4440
2019-01-16 12:32:16	1	4441
2019-01-16 12:32:16	0	4442
2019-01-16 12:32:16	1	4443
2019-01-16 12:32:16	1	4444
2019-01-16 12:32:16	1	4446
2019-01-16 12:32:16	1	4449
2019-01-16 12:32:16	1	4453
2019-01-16 12:32:16	1	4454
2019-01-16 12:32:16	0	4520
2019-01-16 12:32:16	1	4532
2019-01-16 12:32:16	0	4549
2019-01-16 12:32:16	1	4553
2019-01-16 12:32:16	0	4559
2019-01-16 12:32:16	0	4560
2019-01-16 12:32:16	0	4561
2019-01-16 12:32:16	0	4562
2019-01-16 12:32:16	1	4563
2019-01-16 12:32:16	1	4564
2019-01-16 12:32:16	0	4565
2019-01-16 12:32:16	0	4566
2019-01-16 12:32:16	0	4567
2019-01-16 12:32:16	1	4568
2019-01-16 12:32:16	0	4569
2019-01-16 12:32:16	1	4570
2019-01-16 12:32:16	0	4572
2019-01-16 12:32:16	1	4573
2019-01-16 12:32:16	0	4574
2019-01-16 12:32:16	1	4575
2019-01-16 12:32:16	1	4576
2019-01-16 12:32:16	0	4577
2019-01-16 12:32:16	0	4578
2019-01-16 12:32:16	1	4579
2019-01-16 12:32:16	0	4649
2019-01-16 12:32:16	1	4650
2019-01-16 12:32:16	0	4651
2019-01-16 12:32:16	0	4652
2019-01-16 12:32:16	1	4653
2019-01-16 12:32:16	1	4654
2019-01-16 12:32:16	1	4655
2019-01-16 12:32:16	0	4656
2019-01-16 12:32:16	0	4659
2019-01-16 12:32:16	1	4690
2019-01-16 12:32:16	1	4692
2019-01-16 12:32:16	1	4694
2019-01-16 12:32:16	1	4696
2019-01-16 12:32:16	1	4697
2019-01-16 12:32:16	1	4698
2019-01-16 12:32:16	1	4699
2019-01-16 12:32:16	1	4701
2019-01-16 12:32:16	0	4703
2019-01-16 12:32:16	1	4705
2019-01-16 12:32:16	1	4710
2019-01-16 12:32:16	1	4712
2019-01-16 12:32:16	0	4714
2019-01-16 12:32:16	1	4715
2019-01-16 12:32:16	0	4716
2019-01-16 12:32:16	0	4717
2019-01-16 12:32:16	1	4719
2019-01-16 12:32:16	1	4721
2019-01-16 12:32:16	1	4723
2019-01-16 12:32:16	0	4725
2019-01-16 12:32:16	1	4727
2019-01-16 12:32:16	1	4729
2019-01-16 12:32:16	1	4731
2019-01-16 12:32:16	1	4735
2019-01-16 12:32:16	0	4739
2019-01-16 12:32:16	0	4745
2019-01-16 12:32:16	0	4746
2019-01-16 12:32:16	1	4748
2019-01-16 12:32:16	0	4749
2019-01-16 12:32:16	0	4750
2019-01-16 12:32:16	0	4751
2019-01-16 12:32:16	1	4752
2019-01-16 12:32:16	0	4753
2019-01-16 12:32:16	1	4757
2019-01-16 12:32:16	1	4758
2019-01-16 12:32:16	1	4759
2019-01-16 12:32:16	1	4794
2019-01-16 12:32:16	1	4795
2019-01-16 12:32:16	1	4797
2019-01-16 12:32:16	1	4798
2019-01-16 12:32:16	1	4799
2019-01-16 12:32:16	1	4800
2019-01-16 12:32:16	0	4801
2019-01-16 12:32:16	0	4802
2019-01-16 12:32:16	0	4803
2019-01-16 12:32:16	1	4804
2019-01-16 12:32:16	1	4805
2019-01-16 12:32:16	0	4806
2019-01-16 12:32:16	1	4807
2019-01-16 12:32:16	1	4808
2019-01-16 12:32:16	1	4809
2019-01-16 12:32:16	1	4811
2019-01-16 12:32:16	0	4813
2019-01-16 12:32:16	0	4814
2019-01-16 12:32:16	0	4817
2019-01-16 12:32:16	0	4818
2019-01-16 12:32:16	0	4819
2019-01-16 12:32:16	1	4820
2019-01-16 12:32:16	0	4821
2019-01-16 12:32:16	0	4822
2019-01-16 12:32:16	1	4823
2019-01-16 12:32:16	0	4824
2019-01-16 12:32:16	0	4825
2019-01-16 12:32:16	1	4826
2019-01-16 12:32:16	1	4827
2019-01-16 12:32:16	0	4828
2019-01-16 12:32:16	0	4829
2019-01-16 12:32:16	0	4830
2019-01-16 12:32:16	0	4831
2019-01-16 12:32:16	1	4832
2019-01-16 12:32:16	0	4833
2019-01-16 12:32:16	0	4834
2019-01-16 12:32:16	0	4837
2019-01-16 12:32:16	1	4838
2019-01-16 12:32:16	1	4839
2019-01-16 12:32:16	0	4840
2019-01-16 12:32:16	1	4841
2019-01-16 12:32:16	1	4842
2019-01-16 12:32:16	0	4843
2019-01-16 12:32:16	1	4844
2019-01-16 12:32:16	1	4845
2019-01-16 12:32:16	1	4846
2019-01-16 12:32:16	0	4847
2019-01-16 12:32:16	1	4848
2019-01-16 12:32:16	1	4849
2019-01-16 12:32:16	0	4850
2019-01-16 12:32:16	0	4851
2019-01-16 12:32:16	0	4852
2019-01-16 12:32:16	0	4853
2019-01-16 12:32:16	0	4855
2019-01-16 12:32:16	1	4857
2019-01-16 12:32:16	1	4861
2019-01-16 12:32:16	0	4863
2019-01-16 12:32:16	1	4865
2019-01-16 12:32:16	1	4866
2019-01-16 12:32:16	1	4867
2019-01-16 12:32:16	1	4868
2019-01-16 12:32:16	0	4869
2019-01-16 12:32:16	0	4876
2019-01-16 12:32:16	0	4877
2019-01-16 12:32:16	0	4878
2019-01-16 12:32:16	0	4879
2019-01-16 12:32:16	0	4881
2019-01-16 12:32:16	0	4883
2019-01-16 12:32:16	1	4885
2019-01-16 12:32:16	0	4887
2019-01-16 12:32:16	0	4889
2019-01-16 12:32:16	0	4893
2019-01-16 12:32:16	0	4895
2019-01-16 12:32:16	0	4897
2019-01-16 12:32:16	0	4899
2019-01-16 12:32:16	0	4901
2019-01-16 12:32:16	0	4903
2019-01-16 12:32:16	0	4905
2019-01-16 12:32:16	0	4907
2019-01-16 12:32:16	0	4909
2019-01-16 12:32:16	0	4911
2019-01-16 12:32:16	0	4913
2019-01-16 12:32:16	0	4915
2019-01-16 12:32:16	0	4917
2019-01-16 12:32:16	0	4919
2019-01-16 12:32:16	1	4921
2019-01-16 12:32:16	0	4927
2019-01-16 12:32:16	1	4929
2019-01-16 12:32:16	1	4933
2019-01-16 12:32:16	0	4937
2019-01-16 12:32:16	1	4939
2019-01-16 12:32:16	1	4944
2019-01-16 12:32:16	1	4946
2019-01-16 12:32:16	1	4948
2019-01-16 12:32:16	1	4956
2019-01-16 12:32:16	1	4958
2019-01-16 12:32:16	0	4960
2019-01-16 12:32:16	0	4962
2019-01-16 12:32:16	1	4964
2019-01-16 12:32:16	1	4966
2019-01-16 12:32:16	1	4968
2019-01-16 12:32:16	0	4970
2019-01-16 12:32:16	0	4972
2019-01-16 12:32:16	1	4974
2019-01-16 12:32:16	1	4976
2019-01-16 12:32:16	0	4978
2019-01-16 12:32:16	0	4981
2019-01-16 12:32:16	0	4982
2019-01-16 12:32:16	1	4983
2019-01-16 12:32:16	1	4985
2019-01-16 12:32:16	0	4987
2019-01-16 12:32:16	1	4989
2019-01-16 12:32:16	1	4991
2019-01-16 12:32:16	0	4993
2019-01-16 12:32:16	0	4995
2019-01-16 12:32:16	1	4997
2019-01-16 12:32:16	1	4999
2019-01-16 12:32:16	1	5001
2019-01-16 12:32:16	1	5003
2019-01-16 12:32:16	0	5005
2019-01-16 12:32:16	0	5007
2019-01-16 12:32:16	1	5009
2019-01-16 12:32:16	1	5011
2019-01-16 12:32:16	1	5013
2019-01-16 12:32:16	1	5015
2019-01-16 12:32:16	0	5017
2019-01-16 12:32:16	0	5019
2019-01-16 12:32:16	0	5021
2019-01-16 12:32:16	0	5022
2019-01-16 12:32:16	0	5023
2019-01-16 12:32:16	1	5026
2019-01-16 12:32:16	1	5029
2019-01-16 12:32:16	0	5031
2019-01-16 12:32:16	0	5033
2019-01-16 12:32:16	0	5037
2019-01-16 12:32:16	1	5038
2019-01-16 12:32:16	0	5039
2019-01-16 12:32:16	0	5040
2019-01-16 12:32:16	1	5041
2019-01-16 12:32:16	0	5042
2019-01-16 12:32:16	1	5043
2019-01-16 12:32:16	1	5046
2019-01-16 12:32:16	0	5047
2019-01-16 12:32:16	0	5048
2019-01-16 12:32:16	0	5049
2019-01-16 12:32:16	1	5050
2019-01-16 12:32:16	1	5051
2019-01-16 12:32:16	1	5052
2019-01-16 12:32:16	0	5053
2019-01-16 12:32:16	0	5054
2019-01-16 12:32:16	1	5055
2019-01-16 12:32:16	0	5056
2019-01-16 12:32:16	1	5057
2019-01-16 12:32:16	0	5058
2019-01-16 12:32:16	1	5059
2019-01-16 12:32:16	1	5060
2019-01-16 12:32:16	0	5061
2019-01-16 12:32:16	1	5062
2019-01-16 12:32:16	1	5063
2019-01-16 12:32:16	0	5064
2019-01-16 12:32:16	0	5065
2019-01-16 12:32:16	1	5066
2019-01-16 12:32:16	1	5067
2019-01-16 12:32:16	1	5068
2019-01-16 12:32:16	0	5069
2019-01-16 12:32:16	1	5070
2019-01-16 12:32:16	0	5071
2019-01-16 12:32:16	1	5072
2019-01-16 12:32:16	0	5073
2019-01-16 12:32:16	0	5074
2019-01-16 12:32:16	1	5075
2019-01-16 12:32:16	0	5076
2019-01-16 12:32:16	1	5077
2019-01-16 12:32:16	0	5078
2019-01-16 12:32:16	0	5079
2019-01-16 12:32:16	1	5080
2019-01-16 12:32:16	1	5081
2019-01-16 12:32:16	0	5082
2019-01-16 12:32:16	1	5083
2019-01-16 12:32:16	0	5084
2019-01-16 12:32:16	0	5085
2019-01-16 12:32:16	1	5086
2019-01-16 12:32:16	1	5087
2019-01-16 12:32:16	1	5088
2019-01-16 12:32:16	1	5089
2019-01-16 12:32:16	1	5090
2019-01-16 12:32:16	1	5091
2019-01-16 12:32:16	1	5092
2019-01-16 12:32:16	1	5093
2019-01-16 12:32:16	1	5094
2019-01-16 12:32:16	1	5095
2019-01-16 12:32:16	1	5096
2019-01-16 12:32:16	1	5097
2019-01-16 12:32:16	1	5098
2019-01-16 12:32:16	1	5099
2019-01-16 12:32:16	1	5100
2019-01-16 12:32:16	0	5101
2019-01-16 12:32:16	1	5102
2019-01-16 12:32:16	1	5103
2019-01-16 12:32:16	1	5104
2019-01-16 12:32:16	1	5105
2019-01-16 12:32:16	1	5106
2019-01-16 12:32:16	1	5107
2019-01-16 12:32:16	1	5108
2019-01-16 12:32:16	1	5109
2019-01-16 12:32:16	1	5110
2019-01-16 12:32:16	1	5111
2019-01-16 12:32:16	1	5112
2019-01-16 12:32:16	1	5113
2019-01-16 12:32:16	1	5114
2019-01-16 12:32:16	0	5115
2019-01-16 12:32:16	1	5116
2019-01-16 12:32:16	0	5117
2019-01-16 12:32:16	1	5118
2019-01-16 12:32:16	0	5119
2019-01-16 12:32:16	0	5120
2019-01-16 12:32:16	1	5121
2019-01-16 12:32:16	1	5122
2019-01-16 12:32:16	1	5123
2019-01-16 12:32:16	1	5125
2019-01-16 12:32:16	1	5126
2019-01-16 12:32:16	1	5127
2019-01-16 12:32:16	1	5128
2019-01-16 12:32:16	1	5129
2019-01-16 12:32:16	0	5130
2019-01-16 12:32:16	1	5131
2019-01-16 12:32:16	1	5132
2019-01-16 12:32:16	1	5133
2019-01-16 12:32:16	1	5134
2019-01-16 12:32:16	1	5135
2019-01-16 12:32:16	1	5136
2019-01-16 12:32:16	0	5137
2019-01-16 12:32:16	0	5138
2019-01-16 12:32:16	1	5139
2019-01-16 12:32:16	0	5140
2019-01-16 12:32:16	1	5141
2019-01-16 12:32:16	1	5142
2019-01-16 12:32:16	1	5143
2019-01-16 12:32:16	1	5144
2019-01-16 12:32:16	1	5145
2019-01-16 12:32:16	1	5146
2019-01-16 12:32:16	1	5147
2019-01-16 12:32:16	1	5148
2019-01-16 12:32:16	1	5149
2019-01-16 12:32:16	0	5150
2019-01-16 12:32:16	1	5151
2019-01-16 12:32:16	1	5152
2019-01-16 12:32:16	0	5153
2019-01-16 12:32:16	1	5154
2019-01-16 12:32:16	1	5155
2019-01-16 12:32:16	1	5156
2019-01-16 12:32:16	1	5157
2019-01-16 12:32:16	0	5158
2019-01-16 12:32:16	1	5160
2019-01-16 12:32:16	1	5161
2019-01-16 12:32:16	1	5162
2019-01-16 12:32:16	1	5163
2019-01-16 12:32:16	1	5165
2019-01-16 12:32:16	0	5166
2019-01-16 12:32:16	0	5300
2019-01-16 12:32:16	0	5301
2019-01-16 12:32:16	0	5302
2019-01-16 12:32:16	1	5303
2019-01-16 12:32:16	0	5304
2019-01-16 12:32:16	0	5305
2019-01-16 12:32:16	1	5306
2019-01-16 12:32:16	1	5307
2019-01-16 12:32:16	1	5308
2019-01-16 12:32:16	0	5309
2019-01-16 12:32:16	1	5311
2019-01-16 12:32:16	1	5312
2019-01-16 12:32:16	1	5313
2019-01-16 12:32:16	1	5314
2019-01-16 12:32:16	0	5315
2019-01-16 12:32:16	1	5316
2019-01-16 12:32:16	1	5317
2019-01-16 12:32:16	1	5318
2019-01-16 12:32:16	0	5321
2019-01-16 12:32:16	0	5322
2019-01-16 12:32:16	0	5323
2019-01-16 12:32:16	0	5324
2019-01-16 12:32:16	0	5325
2019-01-16 12:32:16	0	5326
2019-01-16 12:32:16	1	5327
2019-01-16 12:32:16	1	5328
2019-01-16 12:32:16	1	5329
2019-01-16 12:32:16	1	5330
2019-01-16 12:32:16	0	5331
2019-01-16 12:32:16	0	5332
2019-01-16 12:32:16	0	5333
2019-01-16 12:32:16	1	5336
2019-01-16 12:32:16	0	5345
2019-01-16 12:32:16	0	5346
2019-01-16 12:32:16	0	5347
2019-01-16 12:32:16	0	5348
2019-01-16 12:32:16	0	5349
2019-01-16 12:32:16	0	5351
2019-01-16 12:32:16	0	5352
2019-01-16 12:32:16	0	5353
2019-01-16 12:32:16	0	5354
2019-01-16 12:32:16	1	5355
2019-01-16 12:32:16	1	5356
2019-01-16 12:32:16	0	5357
2019-01-16 12:32:16	0	5358
2019-01-16 12:32:16	0	5359
2019-01-16 12:32:16	0	5360
2019-01-16 12:32:16	0	5361
2019-01-16 12:32:16	1	5362
2019-01-16 12:32:16	0	5363
2019-01-16 12:32:16	1	5364
2019-01-16 12:32:16	0	5367
2019-01-16 12:32:16	1	5368
2019-01-16 12:32:16	1	5369
2019-01-16 12:32:16	1	5370
2019-01-16 12:32:16	1	5371
2019-01-16 12:32:16	1	5372
2019-01-16 12:32:16	0	5373
2019-01-16 12:32:16	1	5374
2019-01-16 12:32:16	0	5375
2019-01-16 12:32:16	0	5376
2019-01-16 12:32:16	1	5378
2019-01-16 12:32:16	1	5383
2019-01-16 12:32:16	1	5384
2019-01-16 12:32:16	1	5385
2019-01-16 12:32:16	1	5386
2019-01-16 12:32:16	1	5387
2019-01-16 12:32:16	0	5388
2019-01-16 12:32:16	0	5389
2019-01-16 12:32:16	1	5390
2019-01-16 12:32:16	1	5391
2019-01-16 12:32:16	0	5392
2019-01-16 12:32:16	0	5393
2019-01-16 12:32:16	1	5394
2019-01-16 12:32:16	0	5395
2019-01-16 12:32:16	1	5396
2019-01-16 12:32:16	1	5397
2019-01-16 12:32:16	0	5398
2019-01-16 12:32:16	1	5399
2019-01-16 12:32:16	1	5400
2019-01-16 12:32:16	1	5401
2019-01-16 12:32:16	1	5405
2019-01-16 12:32:16	1	5406
2019-01-16 12:32:16	0	5407
2019-01-16 12:32:16	0	5408
2019-01-16 12:32:16	0	5409
2019-01-16 12:32:16	1	5410
2019-01-16 12:32:16	1	5411
2019-01-16 12:32:16	1	5412
2019-01-16 12:32:16	1	5413
2019-01-16 12:32:16	0	5414
2019-01-16 12:32:16	1	5416
2019-01-16 12:32:16	1	5417
2019-01-16 12:32:16	0	5424
2019-01-16 12:32:16	0	5425
2019-01-16 12:32:16	1	5426
2019-01-16 12:32:16	1	5427
2019-01-16 12:32:16	0	5428
2019-01-16 12:32:16	1	5429
2019-01-16 12:32:16	0	5430
2019-01-16 12:32:16	1	5431
2019-01-16 12:32:16	1	5432
2019-01-16 12:32:16	0	5433
2019-01-16 12:32:16	1	5434
2019-01-16 12:32:16	1	5435
2019-01-16 12:32:16	1	5436
2019-01-16 12:32:16	0	5437
2019-01-16 12:32:16	1	5438
2019-01-16 12:32:16	1	5439
2019-01-16 12:32:16	1	5440
2019-01-16 12:32:16	1	5441
2019-01-16 12:32:16	1	5442
2019-01-16 12:32:16	1	5443
2019-01-16 12:32:16	1	5444
2019-01-16 12:32:16	1	5445
2019-01-16 12:32:16	1	5446
2019-01-16 12:32:16	1	5447
2019-01-16 12:32:16	1	5448
2019-01-16 12:32:16	1	5449
2019-01-16 12:32:16	1	5450
2019-01-16 12:32:16	1	5451
2019-01-16 12:32:16	1	5452
2019-01-16 12:32:16	1	5453
2019-01-16 12:32:16	1	5454
2019-01-16 12:32:16	1	5455
2019-01-16 12:32:16	1	5456
2019-01-16 12:32:16	1	5457
2019-01-16 12:32:16	0	5458
2019-01-16 12:32:16	0	5459
2019-01-16 12:32:16	0	5460
2019-01-16 12:32:16	0	5462
2019-01-16 12:32:16	0	5463
2019-01-16 12:32:16	0	5464
2019-01-16 12:32:16	1	5465
2019-01-16 12:32:16	0	5467
2019-01-16 12:32:16	1	5468
2019-01-16 12:32:16	1	5469
2019-01-16 12:32:16	1	5470
2019-01-16 12:32:16	1	5471
2019-01-16 12:32:16	1	5472
2019-01-16 12:32:16	0	5474
2019-01-16 12:32:16	0	5475
2019-01-16 12:32:16	0	5476
2019-01-16 12:32:16	1	5477
2019-01-16 12:32:16	1	5478
2019-01-16 12:32:16	0	5479
2019-01-16 12:32:16	0	5480
2019-01-16 12:32:16	0	5481
2019-01-16 12:32:16	1	5482
2019-01-16 12:32:16	1	5484
2019-01-16 12:32:16	0	5485
2019-01-16 12:32:16	0	5486
2019-01-16 12:32:16	0	5487
2019-01-16 12:32:16	0	5488
2019-01-16 12:32:16	0	5489
2019-01-16 12:32:16	0	5491
2019-01-16 12:32:16	1	5493
2019-01-16 12:32:16	1	5583
2019-01-16 12:32:16	0	5584
2019-01-16 12:32:16	1	5585
2019-01-16 12:32:16	1	5586
2019-01-16 12:32:16	0	5587
2019-01-16 12:32:16	1	5588
2019-01-16 12:32:16	1	5589
2019-01-16 12:32:16	1	5590
2019-01-16 12:32:16	0	5600
2019-01-16 12:32:16	1	5601
2019-01-16 12:32:16	1	5602
2019-01-16 12:32:16	0	5603
2019-01-16 12:32:16	0	5604
2019-01-16 12:32:16	0	5605
2019-01-16 12:32:16	1	5606
2019-01-16 12:32:16	1	5607
2019-01-16 12:32:16	1	5608
2019-01-16 12:32:16	1	5609
2019-01-16 12:32:16	1	5610
2019-01-16 12:32:16	1	5611
2019-01-16 12:32:16	1	5612
2019-01-16 12:32:16	1	5614
2019-01-16 12:32:16	1	5615
2019-01-16 12:32:16	0	5616
2019-01-16 12:32:16	1	5617
2019-01-16 12:32:16	0	5618
2019-01-16 12:32:16	1	5619
2019-01-16 12:32:16	1	5620
2019-01-16 12:32:16	0	5621
2019-01-16 12:32:16	0	5622
2019-01-16 12:32:16	1	5623
2019-01-16 12:32:16	1	5624
2019-01-16 12:32:16	0	5625
2019-01-16 12:32:16	1	5626
2019-01-16 12:32:16	0	5627
2019-01-16 12:32:16	0	5628
2019-01-16 12:32:16	1	5629
2019-01-16 12:32:16	0	5630
2019-01-16 12:32:16	0	5631
2019-01-16 12:32:16	1	5632
2019-01-16 12:32:16	1	5634
2019-01-16 12:32:16	0	5635
2019-01-16 12:32:16	0	5636
2019-01-16 12:32:16	0	5637
2019-01-16 12:32:16	0	5638
2019-01-16 12:32:16	0	5639
2019-01-16 12:32:16	0	5640
2019-01-16 12:32:16	0	5641
2019-01-16 12:32:16	0	5642
2019-01-16 12:32:16	1	5643
2019-01-16 12:32:16	0	5644
2019-01-16 12:32:16	0	5645
2019-01-16 12:32:16	0	5646
2019-01-16 12:32:16	0	5647
2019-01-16 12:32:16	0	5648
2019-01-16 12:32:16	0	5649
2019-01-16 12:32:16	0	5650
2019-01-16 12:32:16	0	5651
2019-01-16 12:32:16	0	5652
2019-01-16 12:32:16	0	5653
2019-01-16 12:32:16	0	5654
2019-01-16 12:32:16	0	5655
2019-01-16 12:32:16	0	5656
2019-01-16 12:32:16	0	5657
2019-01-16 12:32:16	0	5658
2019-01-16 12:32:16	0	5659
2019-01-16 12:32:16	0	5660
2019-01-16 12:32:16	1	5661
2019-01-16 12:32:16	1	5662
2019-01-16 12:32:16	0	5663
2019-01-16 12:32:16	0	5664
2019-01-16 12:32:16	1	5665
2019-01-16 12:32:16	1	5666
2019-01-16 12:32:16	0	5668
2019-01-16 12:32:16	0	5669
2019-01-16 12:32:16	0	5670
2019-01-16 12:32:16	0	5671
2019-01-16 12:32:16	1	5672
2019-01-16 12:32:16	1	5673
2019-01-16 12:32:16	1	5674
2019-01-16 12:32:16	1	5675
2019-01-16 12:32:16	1	5676
2019-01-16 12:32:16	1	5677
2019-01-16 12:32:16	1	5678
2019-01-16 12:32:16	1	5679
2019-01-16 12:32:16	1	5680
2019-01-16 12:32:16	0	5681
2019-01-16 12:32:16	1	5682
2019-01-16 12:32:16	1	5683
2019-01-16 12:32:16	1	5684
2019-01-16 12:32:16	1	5685
2019-01-16 12:32:16	1	5686
2019-01-16 12:32:16	1	5687
2019-01-16 12:32:16	1	5688
2019-01-16 12:32:16	1	5689
2019-01-16 12:32:16	1	5690
2019-01-16 12:32:16	1	5691
2019-01-16 12:32:16	1	5692
2019-01-16 12:32:16	1	5693
2019-01-16 12:32:16	0	5694
2019-01-16 12:32:16	1	5695
2019-01-16 12:32:16	0	5696
2019-01-16 12:32:16	0	5697
2019-01-16 12:32:16	1	5698
2019-01-16 12:32:16	0	5699
2019-01-16 12:32:16	1	5700
2019-01-16 12:32:16	0	5708
2019-01-16 12:32:16	0	5709
2019-01-16 12:32:16	1	5710
2019-01-16 12:32:16	1	5711
2019-01-16 12:32:16	1	5712
2019-01-16 12:32:16	0	5713
2019-01-16 12:32:16	1	5714
2019-01-16 12:32:16	1	5715
2019-01-16 12:32:16	1	5716
2019-01-16 12:32:16	1	5717
2019-01-16 12:32:16	1	5718
2019-01-16 12:32:16	0	5719
2019-01-16 12:32:16	0	5720
2019-01-16 12:32:16	1	5721
2019-01-16 12:32:16	0	5722
2019-01-16 12:32:16	1	5723
2019-01-16 12:32:16	0	5724
2019-01-16 12:32:16	0	5725
2019-01-16 12:32:16	1	5726
2019-01-16 12:32:16	0	5727
2019-01-16 12:32:16	1	5728
2019-01-16 12:32:16	0	5730
2019-01-16 12:32:16	0	5731
2019-01-16 12:32:16	0	5732
2019-01-16 12:32:16	0	5733
2019-01-16 12:32:16	1	5734
2019-01-16 12:32:16	0	5735
2019-01-16 12:32:16	1	5736
2019-01-16 12:32:16	0	5737
2019-01-16 12:32:16	0	5738
2019-01-16 12:32:16	1	5739
2019-01-16 12:32:16	0	5740
2019-01-16 12:32:16	0	5741
2019-01-16 12:32:16	0	5742
2019-01-16 12:32:16	1	5743
2019-01-16 12:32:16	0	5744
2019-01-16 12:32:16	0	5745
2019-01-16 12:32:16	0	5749
2019-01-16 12:32:16	1	5750
2019-01-16 12:32:16	1	5751
2019-01-16 12:32:16	0	5752
2019-01-16 12:32:16	1	5753
2019-01-16 12:32:16	0	5754
2019-01-16 12:32:16	1	5755
2019-01-16 12:32:16	1	5756
2019-01-16 12:32:16	1	5757
2019-01-16 12:32:16	1	5758
2019-01-16 12:32:16	1	5759
2019-01-16 12:32:16	1	5760
2019-01-16 12:32:16	1	5761
2019-01-16 12:32:16	0	5762
2019-01-16 12:32:16	0	5763
2019-01-16 12:32:16	0	5764
2019-01-16 12:32:16	1	5765
2019-01-16 12:32:16	0	5766
2019-01-16 12:32:16	0	5767
2019-01-16 12:32:16	0	5768
2019-01-16 12:32:16	0	5769
2019-01-16 12:32:16	1	5770
2019-01-16 12:32:16	0	5771
2019-01-16 12:32:16	0	5772
2019-01-16 12:32:16	0	5773
2019-01-16 12:32:16	0	5774
2019-01-16 12:32:16	0	5775
2019-01-16 12:32:16	0	5776
2019-01-16 12:32:16	1	5777
2019-01-16 12:32:16	0	5780
2019-01-16 12:32:16	1	5781
2019-01-16 12:32:16	0	5782
2019-01-16 12:32:16	0	5783
2019-01-16 12:32:16	1	5784
2019-01-16 12:32:16	1	5785
2019-01-16 12:32:16	0	5787
2019-01-16 12:32:16	0	5788
2019-01-16 12:32:16	1	5789
2019-01-16 12:32:16	1	5790
2019-01-16 12:32:16	0	5791
2019-01-16 12:32:16	0	5792
2019-01-16 12:32:16	0	5793
2019-01-16 12:32:16	0	5794
2019-01-16 12:32:16	0	5795
2019-01-16 12:32:16	0	5796
2019-01-16 12:32:16	1	5797
2019-01-16 12:32:16	0	5798
2019-01-16 12:32:16	0	5799
2019-01-16 12:32:16	0	5800
2019-01-16 12:32:16	0	5801
2019-01-16 12:32:16	0	5802
2019-01-16 12:32:16	0	5803
2019-01-16 12:32:16	0	5804
2019-01-16 12:32:16	1	5805
2019-01-16 12:32:16	0	5806
2019-01-16 12:32:16	0	5807
2019-01-16 12:32:16	0	5810
2019-01-16 12:32:16	0	5811
2019-01-16 12:32:16	0	5812
2019-01-16 12:32:16	1	5813
2019-01-16 12:32:16	0	5814
2019-01-16 12:32:16	0	5815
2019-01-16 12:32:16	0	5816
2019-01-16 12:32:16	0	5817
2019-01-16 12:32:16	0	5818
2019-01-16 12:32:16	0	5819
2019-01-16 12:32:16	0	5820
2019-01-16 12:32:16	0	5821
2019-01-16 12:32:16	1	5849
2019-01-16 12:32:16	1	5850
2019-01-16 12:32:16	0	5851
2019-01-16 12:32:16	0	5852
2019-01-16 12:32:16	0	5853
2019-01-16 12:32:16	0	5854
2019-01-16 12:32:16	1	5855
2019-01-16 12:32:16	0	5856
2019-01-16 12:32:16	1	5857
2019-01-16 12:32:16	1	5858
2019-01-16 12:32:16	1	5859
2019-01-16 12:32:16	1	5860
2019-01-16 12:32:16	1	5861
2019-01-16 12:32:16	1	5862
2019-01-16 12:32:16	0	5864
2019-01-16 12:32:16	1	5865
2019-01-16 12:32:16	1	5866
2019-01-16 12:32:16	1	5867
2019-01-16 12:32:16	1	5868
2019-01-16 12:32:16	1	5869
2019-01-16 12:32:16	1	5870
2019-01-16 12:32:16	1	5871
2019-01-16 12:32:16	1	5872
2019-01-16 12:32:16	1	5873
2019-01-16 12:32:16	1	5874
2019-01-16 12:32:16	1	5875
2019-01-16 12:32:16	1	5876
2019-01-16 12:32:16	0	5877
2019-01-16 12:32:16	1	5878
2019-01-16 12:32:16	0	5879
2019-01-16 12:32:16	0	5880
2019-01-16 12:32:16	0	5881
2019-01-16 12:32:16	0	5882
2019-01-16 12:32:16	1	5883
2019-01-16 12:32:16	0	5884
2019-01-16 12:32:16	1	5886
2019-01-16 12:32:16	0	5887
2019-01-16 12:32:16	1	5888
2019-01-16 12:32:16	0	5889
2019-01-16 12:32:16	1	5890
2019-01-16 12:32:16	0	5891
2019-01-16 12:32:16	1	5892
2019-01-16 12:32:16	1	5893
2019-01-16 12:32:16	1	5894
2019-01-16 12:32:16	1	5895
2019-01-16 12:32:16	1	5896
2019-01-16 12:32:16	1	5897
2019-01-16 12:32:16	0	5898
2019-01-16 12:32:16	0	5899
2019-01-16 12:32:16	0	5900
2019-01-16 12:32:16	0	5902
2019-01-16 12:32:16	1	5903
2019-01-16 12:32:16	0	5904
2019-01-16 12:32:16	1	5905
2019-01-16 12:32:16	0	5906
2019-01-16 12:32:16	0	5907
2019-01-16 12:32:16	1	5908
2019-01-16 12:32:16	1	5909
2019-01-16 12:32:16	0	5910
2019-01-16 12:32:16	1	5911
2019-01-16 12:32:16	1	5912
2019-01-16 12:32:16	1	5913
2019-01-16 12:32:16	1	5914
2019-01-16 12:32:16	0	5915
2019-01-16 12:32:16	0	5916
2019-01-16 12:32:16	1	5917
2019-01-16 12:32:16	1	5918
2019-01-16 12:32:16	1	5919
2019-01-16 12:32:16	0	5920
2019-01-16 12:32:16	1	5921
2019-01-16 12:32:16	0	5922
2019-01-16 12:32:16	1	5923
2019-01-16 12:32:16	0	5924
2019-01-16 12:32:16	0	5925
2019-01-16 12:32:16	1	5926
2019-01-16 12:32:16	0	5927
2019-01-16 12:32:16	1	5928
2019-01-16 12:32:16	1	5929
2019-01-16 12:32:16	1	5982
2019-01-16 12:32:16	0	5983
2019-01-16 12:32:16	0	6005
2019-01-16 12:32:16	0	6007
2019-01-16 12:32:16	1	6008
2019-01-16 12:32:16	0	6009
2019-01-16 12:32:16	1	6010
2019-01-16 12:32:16	1	6015
2019-01-16 12:32:16	1	6016
2019-01-16 12:32:16	0	6017
2019-01-16 12:32:16	0	6018
2019-01-16 12:32:16	0	6019
2019-01-16 12:32:16	1	6020
2019-01-16 12:32:16	1	6021
2019-01-16 12:32:16	1	6022
2019-01-16 12:32:16	0	6023
2019-01-16 12:32:16	0	6024
2019-01-16 12:32:16	0	6025
2019-01-16 12:32:16	0	6026
2019-01-16 12:32:16	1	6035
2019-01-16 12:32:16	1	6036
2019-01-16 12:32:16	0	6037
2019-01-16 12:32:16	0	6038
2019-01-16 12:32:16	1	6039
2019-01-16 12:32:16	0	6044
2019-01-16 12:32:16	1	6045
2019-01-16 12:32:16	1	6047
2019-01-16 12:32:16	0	6049
2019-01-16 12:32:16	0	6050
2019-01-16 12:32:16	1	6051
2019-01-16 12:32:16	1	6052
2019-01-16 12:32:16	1	6053
2019-01-16 12:32:16	0	6054
2019-01-16 12:32:16	1	6055
2019-01-16 12:32:16	1	6056
2019-01-16 12:32:16	0	6057
2019-01-16 12:32:16	1	6058
2019-01-16 12:32:16	0	6059
2019-01-16 12:32:16	1	6060
2019-01-16 12:32:16	1	6061
2019-01-16 12:32:16	0	6063
2019-01-16 12:32:16	1	6064
2019-01-16 12:32:16	1	6066
2019-01-16 12:32:16	0	6067
2019-01-16 12:32:16	1	6068
2019-01-16 12:32:16	1	6069
2019-01-16 12:32:16	1	6070
2019-01-16 12:32:16	1	6073
2019-01-16 12:32:16	1	6074
2019-01-16 12:32:16	1	6075
2019-01-16 12:32:16	1	6076
2019-01-16 12:32:16	1	6077
2019-01-16 12:32:16	1	6078
2019-01-16 12:32:16	1	6079
2019-01-16 12:32:16	1	6080
2019-01-16 12:32:16	1	6081
2019-01-16 12:32:16	1	6082
2019-01-16 12:32:16	1	6083
2019-01-16 12:32:16	0	6084
2019-01-16 12:32:16	1	6085
2019-01-16 12:32:16	1	6086
2019-01-16 12:32:16	1	6087
2019-01-16 12:32:16	1	6088
2019-01-16 12:32:16	0	6089
2019-01-16 12:32:16	1	6090
2019-01-16 12:32:16	1	6091
2019-01-16 12:32:16	1	6092
2019-01-16 12:32:16	0	6093
2019-01-16 12:32:16	0	6101
2019-01-16 12:32:16	1	6102
2019-01-16 12:32:16	1	6103
2019-01-16 12:32:16	1	6104
2019-01-16 12:32:16	1	6105
2019-01-16 12:32:16	1	6106
2019-01-16 12:32:16	1	6107
2019-01-16 12:32:16	1	6108
2019-01-16 12:32:16	1	6109
2019-01-16 12:32:16	1	6110
2019-01-16 12:32:16	1	6111
2019-01-16 12:32:16	1	6112
2019-01-16 12:32:16	1	6113
2019-01-16 12:32:16	1	6114
2019-01-16 12:32:16	1	6115
2019-01-16 12:32:16	1	6116
2019-01-16 12:32:16	1	6117
2019-01-16 12:32:16	1	6118
2019-01-16 12:32:16	1	6119
2019-01-16 12:32:16	1	6120
2019-01-16 12:32:16	1	6121
2019-01-16 12:32:16	1	6122
2019-01-16 12:32:16	1	6123
2019-01-16 12:32:16	0	6124
2019-01-16 12:32:16	0	6125
2019-01-16 12:32:16	1	6126
2019-01-16 12:32:16	1	6127
2019-01-16 12:32:16	1	6130
2019-01-16 12:32:16	0	6131
2019-01-16 12:32:16	1	6132
2019-01-16 12:32:16	1	6133
2019-01-16 12:32:16	1	6135
2019-01-16 12:32:16	1	6136
2019-01-16 12:32:16	1	6137
2019-01-16 12:32:16	1	6138
2019-01-16 12:32:16	1	6139
2019-01-16 12:32:16	1	6140
2019-01-16 12:32:16	1	6141
2019-01-16 12:32:16	1	6142
2019-01-16 12:32:16	1	6143
2019-01-16 12:32:16	1	6145
2019-01-16 12:32:16	1	6146
2019-01-16 12:32:16	1	6147
2019-01-16 12:32:16	0	6148
2019-01-16 12:32:16	1	6149
2019-01-16 12:32:16	1	6150
2019-01-16 12:32:16	0	6151
2019-01-16 12:32:16	1	6152
2019-01-16 12:32:16	1	6153
2019-01-16 12:32:16	1	6154
2019-01-16 12:32:16	1	6155
2019-01-16 12:32:16	0	6169
2019-01-16 12:32:16	1	6170
2019-01-16 12:32:16	0	6171
2019-01-16 12:32:16	0	6172
2019-01-16 12:32:16	1	6173
2019-01-16 12:32:16	1	6174
2019-01-16 12:32:16	1	6175
2019-01-16 12:32:16	1	6176
2019-01-16 12:32:16	1	6177
2019-01-16 12:32:16	1	6178
2019-01-16 12:32:16	0	6179
2019-01-16 12:32:16	0	6180
2019-01-16 12:32:16	1	6181
2019-01-16 12:32:16	1	6182
2019-01-16 12:32:16	1	6183
2019-01-16 12:32:16	1	6184
2019-01-16 12:32:16	1	6185
2019-01-16 12:32:16	0	6186
2019-01-16 12:32:16	1	6188
2019-01-16 12:32:16	1	6189
2019-01-16 12:32:16	1	6190
2019-01-16 12:32:16	1	6191
2019-01-16 12:32:16	0	6192
2019-01-16 12:32:16	0	6193
2019-01-16 12:32:16	1	6194
2019-01-16 12:32:16	1	6195
2019-01-16 12:32:16	0	6196
2019-01-16 12:32:16	0	6197
2019-01-16 12:32:16	0	6198
2019-01-16 12:32:16	0	6199
2019-01-16 12:32:16	1	6200
2019-01-16 12:32:16	1	6201
2019-01-16 12:32:16	0	6202
2019-01-16 12:32:16	1	6203
2019-01-16 12:32:16	0	6204
2019-01-16 12:32:16	1	6205
2019-01-16 12:32:16	1	6206
2019-01-16 12:32:16	1	6207
2019-01-16 12:32:16	1	6208
2019-01-16 12:32:16	1	6209
2019-01-16 12:32:16	1	6210
2019-01-16 12:32:16	1	6211
2019-01-16 12:32:16	1	6212
2019-01-16 12:32:16	1	6213
2019-01-16 12:32:16	1	6214
2019-01-16 12:32:16	1	6215
2019-01-16 12:32:16	1	6216
2019-01-16 12:32:16	1	6217
2019-01-16 12:32:16	1	6218
2019-01-16 12:32:16	1	6219
2019-01-16 12:32:16	0	6220
2019-01-16 12:32:16	0	6221
2019-01-16 12:32:16	0	6222
2019-01-16 12:32:16	0	6223
2019-01-16 12:32:16	1	6224
2019-01-16 12:32:16	0	6225
2019-01-16 12:32:16	0	6226
2019-01-16 12:32:16	1	6227
2019-01-16 12:32:16	1	6228
2019-01-16 12:32:16	0	6229
2019-01-16 12:32:16	0	6230
2019-01-16 12:32:16	1	6231
2019-01-16 12:32:16	0	6232
2019-01-16 12:32:16	1	6233
2019-01-16 12:32:16	1	6234
2019-01-16 12:32:16	0	6235
2019-01-16 12:32:16	0	6236
2019-01-16 12:32:16	0	6237
2019-01-16 12:32:16	0	6238
2019-01-16 12:32:16	0	6239
2019-01-16 12:32:16	1	6240
2019-01-16 12:32:16	1	6241
2019-01-16 12:32:16	1	6242
2019-01-16 12:32:16	1	6244
2019-01-16 12:32:16	1	6246
2019-01-16 12:32:16	0	6247
2019-01-16 12:32:16	1	6248
2019-01-16 12:32:16	1	6249
2019-01-16 12:32:16	1	6250
2019-01-16 12:32:16	1	6251
2019-01-16 12:32:16	0	6252
2019-01-16 12:32:16	0	6253
2019-01-16 12:32:16	1	6254
2019-01-16 12:32:16	0	6255
2019-01-16 12:32:16	0	6256
2019-01-16 12:32:16	1	6257
2019-01-16 12:32:16	1	6258
2019-01-16 12:32:16	1	6259
2019-01-16 12:32:16	1	6260
2019-01-16 12:32:16	1	6261
2019-01-16 12:32:16	1	6262
2019-01-16 12:32:16	0	6263
2019-01-16 12:32:16	1	6264
2019-01-16 12:32:16	1	6265
2019-01-16 12:32:16	0	6266
2019-01-16 12:32:16	1	6267
2019-01-16 12:32:16	1	6268
2019-01-16 12:32:16	0	6269
2019-01-16 12:32:16	1	6270
2019-01-16 12:32:16	1	6271
2019-01-16 12:32:16	1	6272
2019-01-16 12:32:16	1	6273
2019-01-16 12:32:16	1	6274
2019-01-16 12:32:16	1	6275
2019-01-16 12:32:16	1	6278
2019-01-16 12:32:16	1	6279
2019-01-16 12:32:16	1	6280
2019-01-16 12:32:16	0	6281
2019-01-16 12:32:16	1	6282
2019-01-16 12:32:16	1	6283
2019-01-16 12:32:16	1	6284
2019-01-16 12:32:16	1	6285
2019-01-16 12:32:16	0	6286
2019-01-16 12:32:16	1	6287
2019-01-16 12:32:16	1	6288
2019-01-16 12:32:16	1	6289
2019-01-16 12:32:16	1	6290
2019-01-16 12:32:16	1	6292
2019-01-16 12:32:16	1	6293
2019-01-16 12:32:16	1	6294
2019-01-16 12:32:16	1	6295
2019-01-16 12:32:16	0	6296
2019-01-16 12:32:16	1	6297
2019-01-16 12:32:16	1	6298
2019-01-16 12:32:16	0	6302
2019-01-16 12:32:16	0	6304
2019-01-16 12:32:16	0	6305
2019-01-16 12:32:16	1	6306
2019-01-16 12:32:16	0	6307
2019-01-16 12:32:16	0	6308
2019-01-16 12:32:16	1	6309
2019-01-16 12:32:16	1	6310
2019-01-16 12:32:16	1	6312
2019-01-16 12:32:16	1	6320
2019-01-16 12:32:16	1	6321
2019-01-16 12:32:16	1	6322
2019-01-16 12:32:16	1	6323
2019-01-16 12:32:16	1	6324
2019-01-16 12:32:16	0	6325
2019-01-16 12:32:16	1	6326
2019-01-16 12:32:16	1	6327
2019-01-16 12:32:16	0	6328
2019-01-16 12:32:16	1	6329
2019-01-16 12:32:16	0	6330
2019-01-16 12:32:16	1	6332
2019-01-16 12:32:16	1	6333
2019-01-16 12:32:16	1	6334
2019-01-16 12:32:16	1	6335
2019-01-16 12:32:16	1	6350
2019-01-16 12:32:16	1	6351
2019-01-16 12:32:16	0	6352
2019-01-16 12:32:16	1	6358
2019-01-16 12:32:16	0	6359
2019-01-16 12:32:16	1	6360
2019-01-16 12:32:16	1	6361
2019-01-16 12:32:16	1	6362
2019-01-16 12:32:16	0	6372
2019-01-16 12:32:16	1	6373
2019-01-16 12:32:16	1	6374
2019-01-16 12:32:16	0	6375
2019-01-16 12:32:16	1	6376
2019-01-16 12:32:16	1	6377
2019-01-16 12:32:16	1	6380
2019-01-16 12:32:16	0	6382
2019-01-16 12:32:16	1	6383
2019-01-16 12:32:16	1	6384
2019-01-16 12:32:16	1	6385
2019-01-16 12:32:16	0	6386
2019-01-16 12:32:16	0	6387
2019-01-16 12:32:16	0	6388
2019-01-16 12:32:16	0	6389
2019-01-16 12:32:16	1	6390
2019-01-16 12:32:16	1	6391
2019-01-16 12:32:16	1	6393
2019-01-16 12:32:16	1	6394
2019-01-16 12:32:16	1	6395
2019-01-16 12:32:16	0	6396
2019-01-16 12:32:16	1	6398
2019-01-16 12:32:16	0	6399
2019-01-16 12:32:16	1	6400
2019-01-16 12:32:16	1	6401
2019-01-16 12:32:16	1	6403
2019-01-16 12:32:16	0	6404
2019-01-16 12:32:16	1	6405
2019-01-16 12:32:16	1	6406
2019-01-16 12:32:16	1	6408
2019-01-16 12:32:16	1	6409
2019-01-16 12:32:16	0	6410
2019-01-16 12:32:16	1	6411
2019-01-16 12:32:16	1	6412
2019-01-16 12:32:16	1	6413
2019-01-16 12:32:16	0	6414
2019-01-16 12:32:16	0	6415
2019-01-16 12:32:16	0	6416
2019-01-16 12:32:16	1	6417
2019-01-16 12:32:16	1	6418
2019-01-16 12:32:16	0	6419
2019-01-16 12:32:16	1	6420
2019-01-16 12:32:16	1	6421
2019-01-16 12:32:16	0	6422
2019-01-16 12:32:16	1	6423
2019-01-16 12:32:16	0	6425
2019-01-16 12:32:16	1	6426
2019-01-16 12:32:16	1	6427
2019-01-16 12:32:16	1	6428
2019-01-16 12:32:16	1	6429
2019-01-16 12:32:16	1	6430
2019-01-16 12:32:16	1	6431
2019-01-16 12:32:16	1	6432
2019-01-16 12:32:16	1	6433
2019-01-16 12:32:16	1	6434
2019-01-16 12:32:16	1	6435
2019-01-16 12:32:16	1	6436
2019-01-16 12:32:16	1	6437
2019-01-16 12:32:16	1	6438
2019-01-16 12:32:16	1	6439
2019-01-16 12:32:16	1	6442
2019-01-16 12:32:16	0	6443
2019-01-16 12:32:16	1	6445
2019-01-16 12:32:16	1	6453
2019-01-16 12:32:16	1	6454
2019-01-16 12:32:16	0	6455
2019-01-16 12:32:16	1	6456
2019-01-16 12:32:16	0	6465
2019-01-16 12:32:16	1	6466
2019-01-16 12:32:16	0	6467
2019-01-16 12:32:16	1	6468
2019-01-16 12:32:16	1	6469
2019-01-16 12:32:16	0	6470
2019-01-16 12:32:16	1	6471
2019-01-16 12:32:16	1	6472
2019-01-16 12:32:16	1	6474
2019-01-16 12:32:16	1	6482
2019-01-16 12:32:16	0	6483
2019-01-16 12:32:16	1	6484
2019-01-16 12:32:16	1	6485
2019-01-16 12:32:16	1	6486
2019-01-16 12:32:16	1	6487
2019-01-16 12:32:16	0	6488
2019-01-16 12:32:16	0	6489
2019-01-16 12:32:16	1	6490
2019-01-16 12:32:16	1	6491
2019-01-16 12:32:16	1	6492
2019-01-16 12:32:16	1	6493
2019-01-16 12:32:16	1	6495
2019-01-16 12:32:16	1	6496
2019-01-16 12:32:16	1	6517
2019-01-16 12:32:16	0	6518
2019-01-16 12:32:16	0	6519
2019-01-16 12:32:16	0	6520
2019-01-16 12:32:16	1	6521
2019-01-16 12:32:16	0	6522
2019-01-16 12:32:16	1	6523
2019-01-16 12:32:16	1	6524
2019-01-16 12:32:16	1	6525
2019-01-16 12:32:16	0	6533
2019-01-16 12:32:16	0	6534
2019-01-16 12:32:16	1	6535
2019-01-16 12:32:16	0	6536
2019-01-16 12:32:16	1	6538
2019-01-16 12:32:16	0	6541
2019-01-16 12:32:16	0	6542
2019-01-16 12:32:16	1	6543
2019-01-16 12:32:16	0	6544
2019-01-16 12:32:16	0	6545
2019-01-16 12:32:16	0	6554
2019-01-16 12:32:16	0	6555
2019-01-16 12:32:16	1	6556
2019-01-16 12:32:16	1	6558
2019-01-16 12:32:16	1	6568
2019-01-16 12:32:16	1	6569
2019-01-16 12:32:16	1	6570
2019-01-16 12:32:16	1	6571
2019-01-16 12:32:16	0	6573
2019-01-16 12:32:16	1	6576
2019-01-16 12:32:16	0	6580
2019-01-16 12:32:16	0	6581
2019-01-16 12:32:16	0	6583
2019-01-16 12:32:16	0	6584
2019-01-16 12:32:16	1	6585
2019-01-16 12:32:16	1	6586
2019-01-16 12:32:16	1	6587
2019-01-16 12:32:16	1	6588
2019-01-16 12:32:16	1	6589
2019-01-16 12:32:16	1	6590
2019-01-16 12:32:16	1	6603
2019-01-16 12:32:16	1	6604
2019-01-16 12:32:16	1	6605
2019-01-16 12:32:16	1	6606
2019-01-16 12:32:16	1	6607
2019-01-16 12:32:16	1	6608
2019-01-16 12:32:16	1	6609
2019-01-16 12:32:16	1	6610
2019-01-16 12:32:16	0	6611
2019-01-16 12:32:16	1	6612
2019-01-16 12:32:16	0	6613
2019-01-16 12:32:16	1	6614
2019-01-16 12:32:16	0	6615
2019-01-16 12:32:16	0	6616
2019-01-16 12:32:16	1	6617
2019-01-16 12:32:16	1	6618
2019-01-16 12:32:16	1	6619
2019-01-16 12:32:16	0	6620
2019-01-16 12:32:16	1	6621
2019-01-16 12:32:16	0	6622
2019-01-16 12:32:16	1	6623
2019-01-16 12:32:16	0	6625
2019-01-16 12:32:16	0	6626
2019-01-16 12:32:16	1	6627
2019-01-16 12:32:16	1	6629
2019-01-16 12:32:16	0	6630
2019-01-16 12:32:16	1	6631
2019-01-16 12:32:16	1	6632
2019-01-16 12:32:16	0	6633
2019-01-16 12:32:16	0	6634
2019-01-16 12:32:16	0	6635
2019-01-16 12:32:16	0	6638
2019-01-16 12:32:16	0	6639
2019-01-16 12:32:16	0	6640
2019-01-16 12:32:16	0	6641
2019-01-16 12:32:16	0	6642
2019-01-16 12:32:16	0	6643
2019-01-16 12:32:16	0	6644
2019-01-16 12:32:16	1	6645
2019-01-16 12:32:16	1	6646
2019-01-16 12:32:16	1	6647
2019-01-16 12:32:16	1	6648
2019-01-16 12:32:16	1	6649
2019-01-16 12:32:16	1	6650
2019-01-16 12:32:16	0	6652
2019-01-16 12:32:16	0	6655
2019-01-16 12:32:16	1	6656
2019-01-16 12:32:16	1	6657
2019-01-16 12:32:16	1	6660
2019-01-16 12:32:16	0	6661
2019-01-16 12:32:16	0	6662
2019-01-16 12:32:16	1	6664
2019-01-16 12:32:16	0	6665
2019-01-16 12:32:16	1	6666
2019-01-16 12:32:16	0	6667
2019-01-16 12:32:16	1	6668
2019-01-16 12:32:16	1	6669
2019-01-16 12:32:16	0	6675
2019-01-16 12:32:16	1	6676
2019-01-16 12:32:16	1	6677
2019-01-16 12:32:16	1	6678
2019-01-16 12:32:16	0	6679
2019-01-16 12:32:16	1	6680
2019-01-16 12:32:16	1	6695
2019-01-16 12:32:16	1	6699
2019-01-16 12:32:16	0	6700
2019-01-16 12:32:16	1	6701
2019-01-16 12:32:16	1	6702
2019-01-16 12:32:16	1	6703
2019-01-16 12:32:16	1	6706
2019-01-16 12:32:16	1	6707
2019-01-16 12:32:16	1	6708
2019-01-16 12:32:16	0	6709
2019-01-16 12:32:16	1	6710
2019-01-16 12:32:16	1	6718
2019-01-16 12:32:16	1	6719
2019-01-16 12:32:16	0	6720
2019-01-16 12:32:16	1	6722
2019-01-16 12:32:16	1	6723
2019-01-16 12:32:16	1	6724
2019-01-16 12:32:16	1	6753
2019-01-16 12:32:16	1	6754
2019-01-16 12:32:16	1	6755
2019-01-16 12:32:16	1	6756
2019-01-16 12:32:16	1	6757
2019-01-16 12:32:16	0	6758
2019-01-16 12:32:16	0	6759
2019-01-16 12:32:16	0	6760
2019-01-16 12:32:16	0	6761
2019-01-16 12:32:16	1	6820
2019-01-16 12:32:16	1	6821
2019-01-16 12:32:16	0	6823
2019-01-16 12:32:16	1	6824
2019-01-16 12:32:16	1	6825
2019-01-16 12:32:16	1	6826
2019-01-16 12:32:16	1	6828
2019-01-16 12:32:16	1	6829
2019-01-16 12:32:16	1	6830
2019-01-16 12:32:16	1	6831
2019-01-16 12:32:16	1	6832
2019-01-16 12:32:16	1	6833
2019-01-16 12:32:16	1	6834
2019-01-16 12:32:16	1	6835
2019-01-16 12:32:16	1	6836
2019-01-16 12:32:16	1	6837
2019-01-16 12:32:16	1	6838
2019-01-16 12:32:16	1	6839
2019-01-16 12:32:16	0	6840
2019-01-16 12:32:16	1	6841
2019-01-16 12:32:16	1	6842
2019-01-16 12:32:16	1	6844
2019-01-16 12:32:16	1	6845
2019-01-16 12:32:16	1	6846
2019-01-16 12:32:16	1	6847
2019-01-16 12:32:16	1	6849
2019-01-16 12:32:16	1	6850
2019-01-16 12:32:16	1	6854
2019-01-16 12:32:16	1	6855
2019-01-16 12:32:16	1	6856
2019-01-16 12:32:16	1	6859
2019-01-16 12:32:16	1	6860
2019-01-16 12:32:16	1	6861
2019-01-16 12:32:16	1	6862
2019-01-16 12:32:16	1	6863
2019-01-16 12:32:16	1	6864
2019-01-16 12:32:16	1	6865
2019-01-16 12:32:16	1	6866
2019-01-16 12:32:16	1	6867
2019-01-16 12:32:16	1	6868
2019-01-16 12:32:16	1	6869
2019-01-16 12:32:16	1	6870
2019-01-16 12:32:16	1	6871
2019-01-16 12:32:16	1	6872
2019-01-16 12:32:16	1	6873
2019-01-16 12:32:16	1	6874
2019-01-16 12:32:16	1	6875
2019-01-16 12:32:16	0	6876
2019-01-16 12:32:16	1	6877
2019-01-16 12:32:16	1	6878
2019-01-16 12:32:16	1	6879
2019-01-16 12:32:16	1	6882
2019-01-16 12:32:16	1	6883
2019-01-16 12:32:16	1	6884
2019-01-16 12:32:16	1	6885
2019-01-16 12:32:16	1	6886
2019-01-16 12:32:16	1	6887
2019-01-16 12:32:16	1	6888
2019-01-16 12:32:16	1	6889
2019-01-16 12:32:16	1	6890
2019-01-16 12:32:16	1	6892
2019-01-16 12:32:16	1	6893
2019-01-16 12:32:16	1	6894
2019-01-16 12:32:16	1	6895
2019-01-16 12:32:16	1	6896
2019-01-16 12:32:16	1	6897
2019-01-16 12:32:16	1	6898
2019-01-16 12:32:16	1	6899
2019-01-16 12:32:16	1	6900
2019-01-16 12:32:16	1	6901
2019-01-16 12:32:16	1	6902
2019-01-16 12:32:16	1	6903
2019-01-16 12:32:16	0	6904
2019-01-16 12:32:16	1	6905
2019-01-16 12:32:16	0	6906
2019-01-16 12:32:16	1	6907
2019-01-16 12:32:16	1	6908
2019-01-16 12:32:16	1	6909
2019-01-16 12:32:16	1	6910
2019-01-16 12:32:16	1	6919
2019-01-16 12:32:16	1	6920
2019-01-16 12:32:16	1	6921
2019-01-16 12:32:16	1	6922
2019-01-16 12:32:16	1	6923
2019-01-16 12:32:16	0	7049
2019-01-16 12:32:16	0	7052
2019-01-16 12:32:16	0	7057
2019-01-16 12:32:16	0	7059
2019-01-16 12:32:16	0	7862
2019-01-16 12:32:16	1	7863
2019-01-16 12:32:16	1	7864
2019-01-16 12:32:16	1	7865
2019-01-16 12:32:16	1	7867
